Instance 1
Max flow value = 17
Maximal flow = {(0, 1): [5, 5], (4, 7): [8, 7], (6, 7): [7, 4], (5, 6): [4, 3], (5, 7): [6, 6], (1, 4): [6, 5], (0, 2): [9, 5], (3, 6): [1, 1], (2, 5): [3, 3], (0, 3): [7, 7], (2, 4): [2, 2], (3, 5): [6, 6]}
Min cut  = 17
Minimal cut = [0, 2]

Instance 2
Max flow value = 33
Maximal flow = {(10, 11): [4, 4], (2, 8): [6, 5], (8, 9): [6, 6], (18, 19): [5, 4], (13, 14): [3, 3], (6, 12): [20, 13], (22, 23): [35, 17], (1, 2): [15, 15], (8, 14): [4, 4], (9, 15): [5, 5], (12, 13): [15, 9], (17, 23): [20, 16], (3, 4): [5, 4], (4, 10): [3, 2], (5, 11): [2, 2], (4, 5): [3, 2], (9, 10): [7, 7], (12, 18): [4, 4], (3, 9): [8, 6], (2, 3): [10, 10], (13, 19): [30, 6], (14, 20): [12, 5], (19, 20): [10, 10], (16, 17): [10, 10], (0, 1): [25, 20], (11, 17): [9, 6], (21, 22): [25, 17], (7, 8): [8, 5], (15, 21): [2, 2], (0, 6): [35, 13], (20, 21): [15, 15], (1, 7): [16, 5], (14, 15): [7, 2], (15, 16): [5, 5], (10, 16): [5, 5]}
Min cut  = 33
Minimal cut = [0, 1, 2, 19, 6, 7, 8, 18, 12, 13]

Instance 3
Max flow value = 29.1635
Maximal flow = {(16, 6): [1.6094, 1.6094], (43, 3): [1.5352, 1.5352], (83, 46): [5.5421, 3.5063], (65, 50): [9.8018, 2.725], (60, 97): [4.7354, 0.5016999999999994], (82, 50): [8.4964, 0.16700000000000215], (79, 17): [8.8705, 7.531700000000003], (9, 21): [0.0153, 0.0153], (6, 98): [1.7583, 1.7583], (28, 97): [4.0791, 4.0791], (36, 22): [5.3739, 5.3739], (6, 51): [1.609, 1.609], (66, 43): [1.0874, 1.0874], (14, 15): [3.5247, 0.6853], (11, 21): [0.2146, 0.2146], (21, 32): [1.4536, 0.008799999999999863], (97, 6): [1.6096, 1.6096], (51, 59): [4.4141, 1.609], (5, 14): [5.8352, 5.8352], (79, 70): [8.9297, 0.21169999999999956], (47, 50): [8.9409, 7.5867], (79, 4): [9.6386, 0.5016999999999994], (94, 76): [6.8987, 0.6601999999999997], (7, 21): [0.0513, 0.0513], (22, 6): [1.7764, 1.7764], (56, 3): [2.175, 0.19530000000000014], (7, 32): [0.7021, 0.7021], (49, 41): [4.0528, 1.2446000000000002], (81, 92): [1.114, 1.114], (38, 6): [1.3245, 1.3245], (6, 32): [1.1176, 1.1176], (38, 21): [0.9885, 0.9885], (76, 50): [9.1997, 7.318699999999999], (33, 83): [2.9694, 0.9872], (22, 7): [2.192, 1.7411], (97, 9): [1.9586, 1.3888], (32, 94): [3.7537, 0.6601999999999997], (14, 81): [2.5314, 2.1], (79, 13): [9.0445, 6.5028], (14, 68): [3.3064, 1.5336], (21, 80): [2.0546, 2.0546], (79, 36): [8.5804, 8.5804], (69, 1): [0.625, 0.625], (9, 56): [0.2392, 0.2392], (44, 21): [0.7678, 0.7678], (28, 11): [3.02, 1.8968], (84, 21): [0.6229, 0.6229], (46, 50): [8.3243, 8.3243], (69, 56): [0.053, 0.053], (22, 43): [1.8564, 1.8564], (86, 65): [7.8549, 2.725], (28, 44): [3.5732, 1.8715], (21, 83): [2.5191, 2.5191], (36, 42): [5.436, 3.206499999999997], (42, 43): [1.9184, 1.9184], (84, 33): [0.1726, 0.1726], (7, 56): [0.1725, 0.1725], (81, 1): [0.986, 0.986], (87, 47): [6.3906, 2.9748], (43, 56): [0.5081, 0.5081], (14, 66): [3.2871, 2.0412000000000026], (28, 38): [3.7939, 2.3129999999999997], (43, 6): [0.0516, 0.0516], (66, 7): [1.423, 0.506100000000003], (4, 60): [7.7531, 0.5016999999999994], (1, 86): [4.2563, 1.611], (17, 28): [6.3288, 6.3288], (41, 47): [6.8941, 1.2446000000000002], (27, 76): [6.6585, 6.6585], (11, 56): [0.0092, 0.0092], (98, 59): [4.5634, 1.7583], (6, 80): [1.7187, 1.7187], (42, 7): [2.254, 0.5193999999999968], (6, 33): [0.8146, 0.8146], (44, 6): [1.1037, 1.1037], (7, 89): [1.0937, 1.0937], (13, 28): [6.5028, 6.5028], (9, 49): [0.8137, 0.8137], (7, 49): [0.747, 0.747], (43, 89): [1.4293, 1.4293], (9, 6): [0.3206, 0.3206], (43, 49): [1.0826, 1.0826], (14, 69): [2.8924, 0.678], (71, 50): [9.6677, 3.0418000000000007], (89, 46): [4.8682, 2.5229999999999997], (43, 21): [0.2843, 0.2843], (66, 56): [0.4477, 0.4477], (6, 49): [1.1626, 1.1626], (68, 43): [1.1068, 1.0666], (11, 49): [0.5837, 0.5837], (92, 86): [4.3843, 1.114], (6, 21): [0.3643, 0.3643], (16, 21): [1.2735, 1.2735], (56, 87): [2.9748, 2.9748], (11, 6): [0.5505, 0.5505], (32, 27): [3.5135, 3.5135], (3, 82): [5.1462, 0.16700000000000215], (84, 6): [0.9589, 0.7868999999999999], (70, 28): [6.3879, 0.21169999999999956], (80, 46): [5.0776, 3.7733], (17, 14): [6.1389, 1.2029000000000032], (97, 84): [2.5969, 1.5824000000000003], (9, 32): [0.7687, 0.7687], (15, 56): [0.6853, 0.6853], (28, 16): [4.0789, 2.8829000000000002], (59, 47): [6.809, 3.3673], (46, 71): [8.0896, 3.0418000000000007], (43, 32): [1.0377, 1.0377], (68, 56): [0.467, 0.467], (79, 5): [8.5668, 5.8352], (42, 9): [2.1874, 0.7687], (11, 32): [0.5388, 0.5388], (6, 56): [0.5881, 0.5881], (49, 27): [3.5585, 3.1449999999999996], (3, 46): [4.9741, 1.563499999999998]}
Min cut  = 29.1635
Minimal cut = [0, 2, 4, 5, 6, 7, 8, 9, 11, 12, 13, 14, 15, 16, 17, 18, 19, 20, 22, 26, 28, 29, 30, 31, 34, 35, 36, 37, 38, 39, 40, 42, 43, 44, 45, 52, 53, 54, 60, 62, 63, 64, 66, 68, 69, 70, 72, 73, 74, 75, 77, 78, 79, 81, 84, 85, 88, 90, 93, 95, 96, 97, 99]

Instance 4
Max flow value = 507.2727
Maximal flow = {(382, 97): [12.9067, 4.3796], (136, 194): [3.9567, 3.2715999999999936], (335, 162): [6.015, 0.1444999999999994], (65, 407): [0.714, 0.714], (100, 463): [1.3925, 1.3925], (390, 393): [3.3772, 3.3772], (267, 451): [39.791, 5.7371], (469, 201): [40.2809, 10.554200000000012], (452, 119): [3.7129, 3.7129], (127, 120): [48.9892, 48.9892], (234, 289): [14.1327, 3.1508999999999894], (440, 396): [38.8993, 38.47040000000001], (183, 376): [20.1574, 20.1574], (444, 94): [40.9833, 25.940799999999985], (11, 48): [11.0357, 9.6761], (12, 463): [2.5495, 2.5495], (382, 474): [11.9901, 6.168199999999999], (138, 427): [32.4152, 4.8569], (47, 119): [3.9196, 3.9196], (304, 471): [26.3559, 16.3476], (10, 248): [27.1882, 16.335399999999986], (393, 139): [6.0569, 6.0569], (46, 494): [1.9175, 1.9175], (435, 236): [12.4063, 7.7128], (285, 48): [9.9399, 0.6479999999999888], (273, 249): [0.7758, 0.7758], (190, 58): [4.3955, 4.3955], (277, 26): [9.2739, 5.3492], (349, 152): [13.7294, 5.1146], (265, 181): [11.9983, 1.1919], (141, 452): [1.926, 1.926], (354, 94): [43.1854, 20.725799999999985], (446, 125): [5.8113, 5.8113], (9, 394): [14.2209, 5.728100000000002], (68, 122): [22.7506, 1.601100000000001], (180, 393): [0.8264, 0.8264], (164, 251): [14.0494, 14.0494], (255, 258): [23.3787, 11.128499999999999], (278, 156): [46.896, 46.896], (125, 142): [4.1882, 4.1882], (183, 347): [20.6202, 9.360200000000003], (308, 463): [4.6644, 4.6644], (474, 390): [7.6614, 7.6614], (48, 77): [19.8066, 4.2579999999999885], (33, 34): [38.329, 30.392200000000003], (391, 163): [1.5641, 1.5641], (467, 274): [35.9605, 33.91380000000001], (390, 136): [3.2771, 3.2771], (289, 62): [5.883, 5.883], (265, 232): [9.4026, 4.5219000000000005], (221, 287): [2.5561, 2.5561], (226, 16): [18.0148, 18.0148], (162, 287): [2.2491, 2.2491], (345, 330): [41.5382, 15.977], (310, 267): [32.4167, 19.294999999999998], (100, 249): [0.2213, 0.2213], (143, 293): [8.2042, 1.4601], (422, 47): [2.7275, 2.7275], (125, 421): [1.0836, 1.0836], (343, 466): [26.7565, 3.7783999999999858], (125, 60): [2.0858, 2.0858], (481, 35): [25.3003, 5.666399999999999], (73, 14): [9.6878, 6.319100000000001], (298, 455): [21.187, 10.611900000000006], (82, 408): [24.2649, 24.2649], (399, 190): [3.4101, 3.4101], (5, 103): [28.5757, 3.8809000000000005], (162, 395): [0.8672, 0.8672], (394, 441): [6.574, 6.574], (395, 317): [9.1983, 2.113], (232, 190): [1.9832, 1.9832], (439, 269): [1.0637, 1.0637], (273, 497): [0.0279, 0.0279], (345, 222): [43.4415, 12.216899999999999], (482, 124): [12.8458, 1.0031999999999996], (130, 59): [30.0732, 5.589499999999999], (69, 135): [17.064, 0.4151], (13, 82): [28.6121, 28.6121], (257, 156): [49.5784, 49.5784], (180, 136): [0.7263, 0.7263], (390, 44): [4.7985, 4.7985], (26, 358): [1.1577, 1.1577], (358, 175): [6.0864, 1.7430999999999974], (164, 446): [13.9102, 6.261700000000003], (486, 389): [25.3456, 15.97889999999999], (232, 249): [0.7717, 0.7717], (273, 200): [0.7332, 0.7332], (180, 182): [2.1332, 2.1332], (311, 267): [31.4107, 19.975499999999997], (136, 139): [6.157, 6.157], (284, 128): [9.9571, 9.7617], (175, 470): [13.6366, 13.6366], (141, 200): [0.6562, 0.6562], (61, 351): [4.9097, 1.1104000000000007], (441, 117): [1.1921, 1.1921], (393, 262): [5.0624, 5.0624], (163, 411): [12.0307, 8.3248], (144, 10): [30.0528, 16.335399999999986], (475, 64): [43.2688, 0.12220000000000608], (309, 47): [1.2327, 1.2327], (439, 413): [0.758, 0.758], (178, 48): [10.4209, 3.3359], (347, 138): [26.7573, 13.379200000000003], (61, 87): [4.4589, 4.4589], (328, 413): [0.1234, 0.1234], (492, 207): [3.5991, 3.5991], (370, 469): [31.2154, 28.8053], (416, 61): [0.2614, 0.2614], (302, 444): [31.769, 21.9089], (286, 387): [19.3784, 1.3117999999999925], (133, 347): [19.101, 4.019], (58, 22): [12.2671, 12.2671], (340, 385): [12.0618, 1.6527], (468, 190): [4.2668, 4.2668], (396, 179): [36.7634, 9.988100000000012], (232, 497): [1.5195, 1.5195], (134, 82): [30.9503, 30.9503], (340, 230): [11.1542, 7.0007], (202, 343): [16.4498, 5.965], (35, 475): [34.0204, 18.470200000000013], (387, 111): [13.8891, 0.008599999999999497], (402, 173): [12.9728, 3.9976000000000003], (7, 373): [14.27, 7.0059], (93, 200): [0.6899, 0.6899], (127, 260): [43.983, 43.983], (159, 389): [27.0097, 27.0097], (49, 190): [1.9238, 1.9238], (444, 278): [39.969, 39.969], (474, 254): [3.5219, 3.5219], (243, 300): [47.7768, 6.3150999999999975], (119, 385): [12.3777, 11.3276], (46, 163): [2.1801, 2.1801], (27, 169): [31.969, 6.270300000000002], (82, 234): [23.5735, 13.848300000000005], (382, 492): [11.1149, 7.088099999999999], (328, 269): [0.4291, 0.4291], (313, 255): [14.3161, 11.128499999999999], (127, 243): [49.3937, 49.3937], (286, 361): [20.2873, 20.2873], (461, 421): [1.7814, 1.7814], (273, 287): [2.5528, 2.5528], (446, 474): [8.8575, 8.8575], (124, 225): [18.4272, 10.3484], (321, 73): [3.1394, 3.1394], (180, 482): [2.958, 2.958], (361, 57): [15.6027, 15.6027], (224, 470): [12.8177, 3.4387], (309, 384): [2.1878, 2.1878], (89, 173): [12.4845, 3.411], (470, 155): [23.3459, 23.3459], (49, 221): [2.8629, 2.8629], (223, 133): [8.8415, 3.7528], (155, 365): [32.5658, 7.5722], (243, 271): [47.9672, 43.0786], (221, 87): [3.5628, 3.5628], (207, 73): [1.968, 1.968], (286, 164): [20.2493, 20.2493], (461, 223): [1.6976, 1.6976], (131, 388): [14.8427, 2.2890000000000024], (285, 133): [9.0973, 1.4233], (66, 122): [22.9324, 8.376399999999991], (212, 13): [32.4451, 32.4451], (309, 340): [1.6527, 1.6527], (66, 16): [20.5195, 6.384300000000007], (93, 312): [2.9399, 1.3705999999999887], (418, 242): [16.4363, 16.4363], (449, 269): [1.3258, 1.3258], (30, 169): [28.5298, 22.1137], (267, 201): [39.9881, 29.989599999999996], (433, 385): [14.0059, 10.889], (164, 461): [12.6189, 12.6189], (147, 399): [11.0723, 11.0723], (207, 157): [3.501, 3.501], (216, 47): [1.4748, 1.4748], (416, 287): [2.7701, 2.7701], (345, 495): [42.341, 6.927700000000005], (404, 345): [33.989, 22.29370000000001], (430, 392): [12.4976, 10.612300000000003], (399, 162): [4.6561, 4.6561], (221, 200): [0.7364, 0.7364], (254, 142): [5.3674, 2.372900000000001], (315, 399): [11.9564, 1.709099999999995], (49, 416): [2.6489, 2.6489], (341, 226): [23.0607, 10.365099999999995], (46, 269): [0.1758, 0.1758], (449, 47): [2.3218, 2.3218], (16, 468): [12.6749, 5.705300000000002], (461, 254): [3.3408, 3.3408], (390, 186): [2.4791, 2.4791], (100, 395): [0.1737, 0.1737], (396, 149): [38.2499, 38.2499], (387, 335): [13.0776, 2.982000000000024], (478, 212): [40.1366, 30.84510000000001], (61, 287): [3.4522, 3.4522], (335, 416): [5.494, 5.494], (46, 358): [0.3043, 0.3043], (275, 152): [12.4902, 8.508500000000002], (389, 277): [16.9853, 16.9853], (289, 221): [5.4338, 5.4338], (455, 444): [31.2068, 31.2068], (449, 413): [1.0201, 1.0201], (62, 249): [0.3298, 0.3298], (216, 384): [1.9457, 1.9457], (100, 287): [1.5557, 1.5557], (241, 164): [19.3476, 19.3476], (435, 277): [15.2376, 7.310400000000003], (221, 380): [2.6696, 2.6696], (322, 38): [34.1768, 11.908100000000026], (82, 304): [28.1297, 17.55150000000001], (277, 449): [8.962, 6.4232000000000005], (147, 49): [9.586, 3.8905], (201, 156): [46.9648, 46.9648], (273, 87): [3.5595, 3.5595], (152, 310): [23.3899, 23.3899], (430, 470): [14.5459, 0.9694999999999876], (141, 117): [0.9551, 0.9551], (100, 221): [2.3719, 0.9078999999999999], (335, 312): [5.85, 0.8930000000000113], (309, 224): [1.8404, 1.8404], (9, 373): [15.8052, 15.8052], (376, 336): [28.2779, 27.375700000000002], (49, 161): [0.0939, 0.0939], (4, 336): [29.6957, 16.475299999999972], (57, 474): [10.512, 2.3654999999999995], (215, 12): [10.0684, 10.0684], (38, 397): [41.0085, 5.8067], (298, 256): [19.8413, 5.4513], (149, 134): [35.6949, 25.293100000000003], (260, 159): [35.5082, 13.441800000000008], (274, 1): [29.4206, 29.4206], (408, 468): [14.5962, 2.871199999999998], (103, 451): [38.7713, 9.361999999999998], (251, 474): [8.9966, 8.9966], (396, 27): [37.0902, 24.38810000000001], (466, 354): [36.1649, 20.725799999999985], (258, 469): [32.5991, 13.417500000000002], (220, 73): [1.4614, 1.4614], (393, 73): [2.9793, 1.3897000000000004], (82, 241): [24.6101, 24.6101], (27, 45): [33.2726, 33.2726], (492, 197): [1.0379, 1.0379], (269, 430): [6.5157, 6.2006000000000006], (142, 270): [12.6207, 1.1090999999999882], (127, 244): [45.7472, 45.7472], (219, 321): [3.0233, 3.0233], (293, 182): [1.4601, 1.4601], (107, 136): [1.9792, 1.2739999999999938], (65, 494): [2.3913, 2.3913], (463, 117): [3.3272, 0.3953], (62, 190): [0.8817, 0.8817], (406, 5): [17.9344, 6.9911], (232, 287): [1.0053, 1.0053], (439, 407): [0.6477, 0.6477], (495, 156): [48.4335, 45.26149999999999], (390, 180): [5.0248, 4.1064000000000025], (244, 412): [38.9156, 14.222800000000003], (145, 22): [13.9009, 4.935200000000003], (401, 208): [22.7714, 21.219099999999997], (273, 463): [0.3953, 0.3953], (147, 232): [9.6454, 4.0093], (62, 395): [0.7249, 0.7249], (300, 116): [42.8882, 6.3150999999999975], (390, 107): [6.2777, 2.895499999999991], (343, 310): [25.26, 25.26], (12, 441): [4.6846, 3.6689000000000007], (308, 93): [7.0702, 7.0702], (382, 252): [12.6429, 12.6429], (220, 207): [1.7079, 1.7079], (232, 61): [2.0261, 2.0261], (287, 298): [11.2069, 0.13470000000000293], (484, 376): [20.2695, 7.2183], (463, 437): [5.0954, 5.0954], (248, 0): [20.6106, 20.6106], (475, 156): [44.4599, 44.4599], (49, 497): [1.4601, 1.4601], (181, 312): [5.66, 5.2225], (162, 125): [1.8202, 1.8202], (13, 66): [26.788, 26.788], (260, 486): [33.844, 6.713999999999993], (47, 313): [5.6676, 5.6676], (301, 36): [33.0026, 6.198699999999994], (82, 123): [25.0304, 7.289000000000005], (190, 320): [5.3529, 5.3529], (407, 131): [8.3577, 3.0255000000000094], (221, 58): [3.4565, 3.4565], (61, 320): [5.3099, 5.3099], (250, 401): [33.2398, 33.2398], (386, 78): [20.0423, 20.001999999999995], (278, 64): [45.7049, 2.393499999999944], (93, 497): [1.3951, 1.3951], (162, 285): [1.2581, 1.2581], (22, 77): [20.2423, 20.2423], (23, 490): [7.283, 6.9657], (173, 4): [21.4555, 11.775999999999994], (138, 38): [33.7694, 6.4599999999999955], (49, 62): [3.3121, 0.2834999999999994], (49, 312): [3.0049, 3.0049], (68, 387): [20.2382, 20.2382], (93, 249): [0.6473, 0.6473], (427, 397): [39.6544, 27.7021], (44, 136): [0.5, 0.5], (391, 407): [0.3757, 0.3757], (57, 220): [7.7457, 4.7812], (39, 404): [25.3653, 25.3653], (4, 138): [27.7122, 23.89059999999999], (116, 467): [39.0794, 33.91380000000001], (486, 166): [23.7527, 11.9055], (14, 242): [17.8103, 6.877199999999998], (207, 197): [1.3598, 1.3598], (127, 250): [44.1995, 44.1995], (391, 413): [0.4861, 0.4861], (335, 221): [5.708, 3.5994], (451, 156): [46.7677, 46.7677], (463, 275): [3.8754, 3.8754], (452, 340): [3.397, 3.397], (143, 432): [8.3464, 1.3179], (265, 289): [11.9141, 6.668400000000016], (146, 241): [26.4161, 8.435999999999993], (338, 173): [11.8984, 2.8249], (312, 200): [0.5944, 0.5944], (44, 321): [0.44, 0.18450000000000344], (441, 497): [1.1244, 1.1244], (474, 186): [2.565, 2.565], (265, 399): [10.8295, 1.6004999999999852], (380, 22): [11.4802, 2.5741000000000005], (152, 78): [21.6876, 1.0839999999999996], (453, 47): [2.112, 2.112], (361, 382): [17.0808, 17.0808], (312, 395): [1.0321, 1.0321], (44, 73): [1.558, 1.558], (100, 62): [2.8212, 2.8212], (387, 76): [12.2367, 12.2367], (221, 61): [0.4754, 0.4754], (73, 20): [10.2872, 7.6085], (312, 497): [0.1108, 0.1108], (109, 47): [3.9717, 3.9717], (320, 173): [13.3456, 0.4394999999999971], (421, 270): [9.5161, 2.865], (373, 273): [7.0059, 7.0059], (161, 22): [10.3958, 10.3958], (147, 289): [12.1569, 5.0088], (397, 330): [44.4608, 16.688199999999966], (55, 6): [27.1795, 17.8082], (416, 87): [3.7768, 3.7768], (321, 194): [4.0167, 4.0167], (221, 497): [0.0312, 0.0312], (236, 47): [3.0906, 3.0906], (65, 163): [2.6539, 2.6539], (416, 58): [3.6705, 3.6705], (399, 395): [1.8035, 1.8035], (232, 395): [0.3766, 0.3766], (412, 30): [32.2832, 14.222800000000003], (387, 446): [13.0392, 13.0392], (38, 94): [42.265, 1.2437000000000253], (393, 418): [6.1557, 6.1557], (12, 452): [2.6908, 2.6908], (251, 254): [4.7713, 4.7713], (221, 249): [0.7791, 0.7791], (71, 34): [38.3815, 18.317399999999996], (63, 129): [36.4807, 16.04979999999999], (312, 190): [0.5745, 0.5745], (162, 61): [0.7824, 0.7824], (399, 312): [4.4912, 4.4912], (125, 285): [1.4233, 1.4233], (289, 76): [8.9294, 7.3142], (162, 178): [1.7391, 1.7391], (34, 341): [31.5188, 31.5188], (49, 395): [0.3172, 0.3172], (219, 136): [3.0833, 3.0833], (396, 212): [37.3383, 4.0941999999999865], (289, 61): [4.5376, 4.5376], (389, 284): [17.7402, 17.7402], (82, 286): [25.5118, 22.530499999999996], (382, 263): [12.566, 2.3537], (125, 196): [0.5405, 0.5405], (381, 361): [20.1334, 1.203900000000008], (314, 47): [3.3971, 3.3971], (93, 463): [1.8184, 1.8184], (494, 388): [11.7046, 7.2247], (117, 386): [10.2966, 5.808299999999999], (252, 136): [4.0157, 4.0157], (234, 399): [13.0481, 10.697400000000016], (94, 156): [47.9103, 47.9103], (138, 475): [34.0509, 26.11189999999998], (162, 249): [0.4721, 0.4721], (273, 61): [0.4787, 0.4787], (60, 173): [11.1594, 0.3474999999999975], (125, 89): [3.411, 3.411], (254, 402): [5.0785, 3.9976000000000003], (492, 393): [2.5878, 2.5878], (143, 428): [8.6278, 1.763], (361, 461): [12.6569, 1.0454999999999983], (125, 316): [3.8741, 3.8741], (230, 370): [20.8971, 7.0007], (127, 71): [44.8435, 44.8435], (178, 270): [10.3369, 1.9044], (393, 29): [5.6632, 5.6632], (236, 452): [3.2973, 3.2973], (128, 453): [5.3924, 4.4308], (277, 328): [8.0653, 4.316800000000001], (385, 155): [22.7777, 1.1737000000000002], (256, 103): [28.7916, 11.487000000000009], (474, 492): [6.872, 6.872], (437, 152): [13.7101, 5.0954], (440, 233): [33.9346, 0.2121999999999955], (287, 317): [10.5802, 0.3730999999999991], (139, 484): [14.1242, 7.2183], (207, 482): [3.5943, 3.5943], (0, 143): [14.1565, 9.523399999999995], (216, 494): [1.6144, 1.6144], (30, 9): [23.823, 23.823], (93, 117): [0.9214, 0.9214], (242, 404): [25.8607, 25.8607], (20, 39): [17.9142, 7.6085], (373, 49): [8.494, 7.559100000000001], (226, 315): [18.1531, 1.709099999999995], (267, 51): [39.2705, 39.2705], (5, 35): [26.1327, 3.1102000000000003], (453, 452): [2.3188, 2.3188], (273, 275): [2.8927, 2.8927], (287, 386): [10.5049, 10.5049], (244, 250): [40.3865, 21.329400000000003], (391, 358): [0.3117, 0.3117], (394, 463): [4.4389, 4.4389], (251, 263): [9.5725, 9.5725], (123, 164): [19.7679, 10.375900000000007], (382, 176): [13.1856, 4.6585], (328, 358): [0.0509, 0.0509], (384, 392): [11.1168, 5.805199999999985], (492, 136): [2.4877, 2.4877], (348, 242): [18.8561, 9.122199999999996], (187, 180): [7.7005, 4.633000000000001], (93, 221): [2.7979, 2.7979], (207, 194): [2.8453, 2.8453], (162, 190): [0.7395, 0.7395], (143, 207): [6.8948, 0.18399999999999794], (432, 182): [1.3179, 1.3179], (49, 287): [1.0647, 1.0647], (452, 313): [5.4609, 5.4609], (141, 100): [3.7646, 2.134900000000001], (210, 9): [23.9427, 1.5542000000000018], (446, 254): [4.6321, 4.6321], (161, 298): [10.2361, 0.21829999999999838], (441, 200): [0.4191, 0.4191], (216, 224): [1.5983, 1.5983], (387, 399): [11.7188, 11.696000000000003], (130, 30): [31.7139, 31.7139], (220, 254): [0.7555, 0.7555], (53, 34): [38.7515, 5.963500000000004], (404, 427): [33.082, 33.082], (273, 161): [1.582, 1.582], (455, 336): [29.7082, 0.7518000000000029], (76, 254): [3.8296, 3.8296], (289, 416): [5.2198, 5.2198], (138, 345): [33.3222, 2.7779999999999996], (382, 187): [14.58, 4.633000000000001], (127, 53): [45.2135, 45.2135], (237, 77): [19.2929, 5.602100000000011], (131, 31): [18.3735, 5.426600000000009], (176, 393): [4.6585, 4.6585], (256, 35): [26.3486, 5.671400000000011], (304, 381): [25.1099, 1.203900000000008], (197, 14): [9.0796, 8.7626], (139, 183): [14.0121, 14.0121], (58, 48): [11.8313, 0.2740999999999998], (274, 104): [33.1022, 4.4932], (233, 435): [23.3083, 0.5799999999999981], (100, 161): [0.5848, 0.5848], (401, 389): [24.5247, 5.076300000000003], (220, 223): [0.8877, 0.8877], (273, 380): [2.6663, 2.6663], (312, 380): [2.5276, 2.5276], (335, 190): [4.7689, 4.7689], (492, 44): [4.0091, 4.0091], (468, 416): [4.9919, 2.6264999999999996], (241, 289): [15.1693, 6.549600000000004], (312, 87): [3.4208, 3.4208], (474, 220): [4.9809, 2.3045], (16, 289): [12.9028, 7.212999999999992], (441, 463): [1.5476, 1.5476], (397, 156): [46.6538, 46.6538], (216, 269): [0.4788, 0.4788], (265, 49): [9.3432, 8.8165], (444, 397): [39.7268, 10.331599999999998], (65, 413): [0.6037, 0.6037], (237, 256): [19.0516, 0.5546000000000122], (263, 393): [4.0389, 4.0389], (194, 348): [11.611, 9.122199999999996], (399, 249): [2.1986, 2.1986], (277, 439): [8.6999, 4.192100000000001], (244, 491): [36.7841, 1.0206000000000017], (149, 45): [34.4322, 34.4322], (408, 387): [18.1314, 4.199400000000004], (4, 427): [31.1218, 31.1218], (265, 100): [8.8523, 8.8523], (285, 270): [9.8558, 1.725900000000011], (69, 481): [16.6851, 0.8385999999999998], (490, 136): [0.8378, 0.8378], (190, 161): [2.5243, 2.476699999999997], (125, 402): [3.8993, 3.8993], (11, 270): [10.9517, 3.6984], (441, 452): [1.6889, 1.6889], (249, 317): [8.8032, 5.316800000000001], (196, 133): [8.2145, 5.6785], (417, 111): [13.672, 6.6611], (385, 370): [21.8046, 21.8046], (111, 125): [6.6611, 6.6611], (303, 39): [15.2038, 5.4186], (216, 119): [1.7265, 1.7265], (100, 200): [0.264, 0.264], (57, 263): [11.0879, 1.6852], (129, 146): [33.2537, 9.291499999999989], (271, 116): [43.0786, 43.0786], (263, 390): [8.2373, 5.953300000000001], (85, 183): [15.7506, 15.505500000000001], (135, 103): [28.1223, 0.4151], (66, 417): [20.203, 6.6611], (38, 222): [43.8887, 6.198699999999994], (7, 147): [15.362, 10.501], (287, 237): [10.4172, 1.6238], (440, 486): [34.2241, 27.2339], (341, 7): [21.1537, 21.1537], (211, 63): [41.2252, 16.04979999999999], (62, 58): [3.0072, 3.0072], (393, 303): [5.4186, 5.4186], (87, 22): [12.3734, 12.3734], (232, 200): [0.8143, 0.8143], (1, 56): [21.6202, 21.6202], (427, 278): [39.8965, 3.419699999999999], (181, 221): [5.518, 1.5214000000000003], (182, 139): [9.0165, 9.0165], (373, 100): [8.0031, 1.3925], (463, 349): [5.1146, 5.1146], (76, 190): [3.9281, 3.9281], (249, 386): [8.7279, 3.2214000000000005], (180, 207): [1.8377, 0.19630000000000614], (65, 269): [0.298, 0.298], (64, 156): [48.6326, 20.48679999999999], (68, 265): [19.349, 12.6006], (66, 265): [19.5308, 19.5308], (492, 180): [4.2354, 2.307800000000003], (47, 340): [3.6037, 3.6037], (391, 269): [0.7917, 0.7917], (312, 249): [0.6371, 0.6371], (61, 161): [2.4814, 2.4814], (23, 207): [6.5352, 2.1492999999999958], (440, 55): [36.1264, 16.9169], (169, 82): [28.384, 28.384], (254, 41): [5.8067, 5.8067], (46, 413): [0.1299, 0.1299], (490, 482): [2.8465, 2.8465], (143, 44): [7.3048, 0.42959999999999976], (132, 7): [19.2849, 8.562199999999999], (416, 351): [4.2275, 4.2275], (128, 47): [2.5621, 2.5621], (26, 407): [1.2217, 1.2217], (6, 284): [17.6718, 0.8912999999999993], (309, 119): [1.9686, 1.9686], (252, 393): [4.1158, 4.1158], (62, 61): [0.9246, 0.9246], (216, 452): [1.6816, 1.6816], (7, 453): [10.4243, 2.1775], (33, 486): [34.652, 17.5343], (317, 256): [19.2146, 1.4129], (100, 162): [2.6789, 1.8202], (439, 172): [1.139, 1.139], (149, 13): [33.3568, 16.996999999999996], (182, 85): [10.755, 3.9257], (200, 386): [8.6853, 8.234100000000002], (125, 178): [1.9044, 1.9044], (408, 181): [14.9083, 2.3702], (491, 389): [26.5214, 1.0206000000000017], (46, 172): [2.0269, 2.0269], (287, 22): [11.3666, 11.3666], (62, 287): [2.1068, 2.1068], (97, 393): [4.3796, 4.3796], (58, 298): [12.1073, 9.860100000000003], (416, 200): [0.9504, 0.9504], (336, 397): [38.2282, 38.2282], (33, 276): [39.5497, 27.5163], (328, 163): [1.9267, 1.9267], (309, 463): [1.2982, 1.2982], (142, 48): [12.7048, 4.141900000000001], (181, 416): [5.304, 5.304], (416, 174): [4.8278, 4.8278], (441, 275): [1.7404, 1.7404], (254, 11): [3.6984, 3.6984], (365, 350): [41.8634, 20.22350000000001], (388, 204): [21.6242, 9.513700000000004], (490, 194): [2.0975, 2.0975], (179, 45): [32.9457, 9.988100000000012], (233, 389): [25.056, 1.9800000000000004], (314, 422): [6.843, 5.6617999999999995], (34, 27): [36.092, 21.112799999999993], (44, 182): [2.3595, 2.3595], (71, 130): [37.4425, 23.823], (399, 273): [4.3524, 3.480000000000001], (44, 482): [3.1842, 3.1842], (49, 200): [0.7549, 0.7549], (51, 156): [46.2472, 46.2472], (354, 257): [44.8535, 29.354900000000008], (277, 65): [7.3381, 7.3381], (402, 270): [12.3318, 3.8993], (107, 182): [0.8803, 0.8803], (61, 11): [3.557, 3.557], (49, 162): [3.1698, 1.994], (221, 190): [0.4325, 0.4325], (237, 476): [18.3109, 2.9369999999999887], (397, 64): [45.4627, 17.97110000000004], (312, 161): [1.4432, 1.4432], (145, 48): [13.4651, 7.080499999999997], (220, 262): [3.5445, 3.5445], (93, 273): [2.8011, 0.28820000000001045], (100, 380): [1.6692, 1.6692], (262, 39): [14.8475, 14.8475], (265, 468): [11.6862, 0.4799], (449, 407): [0.9098, 0.9098], (141, 463): [1.7847, 1.7847], (452, 433): [5.3411, 5.3411], (474, 393): [3.463, 3.463], (399, 221): [4.3492, 4.3492], (116, 146): [35.7198, 15.47989999999999], (47, 430): [5.5197, 4.2844999999999995], (166, 314): [12.8678, 11.9055], (1, 382): [20.9311, 7.8004], (284, 216): [8.8698, 8.8698], (497, 69): [6.5741, 1.2536999999999998], (104, 248): [29.2444, 4.4932], (36, 38): [38.1347, 6.198699999999994], (155, 466): [29.9384, 16.947400000000002], (180, 321): [0.6663, 0.6663], (197, 262): [6.6122, 0.2800999999999991], (77, 444): [30.1024, 30.1024], (78, 267): [30.7144, 30.7144], (244, 130): [38.3463, 13.480399999999994], (220, 186): [0.2014, 0.2014], (167, 390): [11.2612, 0.2179999999999893], (312, 287): [2.4141, 2.4141], (241, 335): [15.4435, 7.148899999999987], (233, 442): [24.5794, 0.35529999999999573], (236, 12): [6.293, 1.3248999999999993], (387, 289): [12.8034, 4.328199999999989], (250, 212): [37.4412, 32.289100000000005], (392, 343): [18.1156, 16.41749999999999], (125, 190): [0.5742, 0.5742], (180, 194): [2.209, 2.209], (14, 39): [17.3149, 9.179200000000002], (343, 311): [24.2541, 2.5599000000000007], (62, 125): [1.9625, 1.9625], (27, 13): [32.1971, 5.958000000000004], (401, 282): [23.7177, 3.9717], (45, 82): [29.6876, 22.147900000000014], (317, 78): [20.1175, 6.389999999999999], (301, 404): [29.3041, 4.1497000000000055], (440, 276): [39.1218, 5.1865999999999985], (136, 197): [2.4711, 2.4711], (401, 132): [25.1522, 2.9726999999999997], (289, 162): [5.7407, 5.7407], (310, 354): [34.6684, 29.354900000000008], (7, 141): [10.0315, 10.0315], (142, 173): [13.2617, 0.7555], (468, 61): [4.3097, 4.3097], (76, 196): [2.8134, 2.8134], (59, 132): [24.0258, 5.589499999999999], (60, 270): [10.5184, 1.7383000000000024], (16, 335): [13.177, 9.5808], (76, 125): [5.0088, 5.0088], (314, 269): [2.4011, 2.4011], (136, 186): [1.8194, 1.8194], (190, 11): [3.5999, 3.5999], (33, 159): [36.3162, 13.567899999999995], (44, 194): [2.4353, 2.4353], (62, 161): [1.136, 1.136], (385, 343): [19.5958, 9.2158], (461, 196): [2.3246, 2.3246], (399, 416): [4.1352, 4.1352], (350, 257): [47.9245, 20.22350000000001], (129, 68): [29.4417, 6.758300000000003], (252, 207): [5.1271, 4.7109000000000005], (208, 308): [13.9092, 7.535400000000001], (408, 289): [14.8241, 14.8241], (66, 123): [23.2063, 3.086899999999999], (395, 237): [9.0353, 6.915299999999999], (220, 197): [0.8532, 0.8532], (157, 124): [12.7525, 9.3452], (49, 380): [1.1783, 1.1783], (276, 149): [38.4724, 38.4724], (386, 488): [20.2274, 5.012299999999988], (397, 495): [45.2636, 0.7555], (100, 497): [0.9692, 0.9692], (93, 416): [2.5839, 2.5839], (309, 452): [1.4394, 1.4394], (314, 309): [5.3482, 5.3482], (270, 4): [20.8145, 20.8145], (23, 44): [6.9452, 5.625100000000003], (393, 197): [2.371, 2.371], (413, 175): [5.912, 4.4533000000000005], (207, 186): [0.708, 0.708], (41, 39): [15.6506, 5.8067], (100, 61): [1.4758, 1.4758], (411, 385): [17.1369, 8.3248], (204, 365): [31.9734, 7.2247], (260, 34): [37.521, 23.82719999999999], (320, 115): [13.2382, 10.223300000000002], (125, 223): [1.1675, 1.1675], (47, 384): [4.1388, 4.1388], (220, 136): [0.5966, 0.5966], (62, 178): [1.5968, 1.5968], (127, 478): [46.8949, 46.8949], (57, 252): [11.1648, 0.19950000000000045], (452, 384): [3.9321, 2.8339999999999996], (71, 276): [39.6022, 4.769399999999994], (93, 380): [1.2433, 1.2433], (34, 210): [32.7726, 25.8687], (232, 161): [0.0345, 0.0345], (45, 68): [27.6816, 27.6816], (66, 286): [23.6877, 19.317899999999998], (147, 100): [9.0951, 1.4758], (62, 285): [1.1158, 1.1158], (336, 278): [38.4704, 9.187999999999963], (407, 430): [6.9317, 1.096699999999991], (215, 309): [8.8171, 6.271599999999999], (65, 358): [0.7781, 0.7781], (490, 182): [2.0217, 2.0217], (164, 382): [17.0428, 17.0428], (312, 351): [3.8715, 3.8715], (133, 99): [18.52, 6.8355999999999995], (427, 330): [40.6313, 0.36060000000002645], (226, 147): [17.2689, 14.9557], (441, 273): [2.5304, 2.5304], (120, 71): [44.2724, 4.769399999999994], (125, 254): [0.4757, 0.4757], (476, 138): [25.6384, 2.9369999999999887], (435, 314): [12.7129, 9.1546], (57, 390): [10.4262, 5.8563], (0, 219): [11.4563, 9.29], (6, 277): [16.9169, 16.9169], (471, 361): [21.3794, 16.3476], (141, 273): [2.7674, 2.7674], (463, 200): [1.7159, 1.621300000000001], (143, 490): [7.6426, 4.3688], (152, 311): [22.384, 17.415599999999998], (380, 152): [12.2638, 12.2638], (416, 380): [2.8836, 2.8836], (99, 35): [26.1459, 4.0222], (387, 181): [12.8876, 1.6322000000000003], (210, 226): [24.3145, 24.3145], (490, 157): [2.7532, 2.7532], (142, 237): [12.1911, 0.5546000000000122], (146, 144): [31.6077, 16.335399999999986], (190, 287): [3.4951, 2.2762000000000038], (320, 298): [13.0647, 5.4513], (76, 61): [3.971, 3.971], (44, 393): [0.6001, 0.6001], (161, 386): [9.5341, 4.040199999999997], (111, 251): [10.9567, 0.008599999999999497], (125, 338): [2.8249, 2.8249], (328, 172): [1.7736, 1.7736], (273, 190): [0.4358, 0.4358], (244, 55): [37.5107, 0.8912999999999993], (136, 73): [3.0794, 3.0794], (416, 395): [1.3881, 1.3881], (107, 321): [1.9192, 0.741199999999997], (56, 23): [14.7401, 14.7401], (99, 336): [28.1598, 2.8134], (312, 61): [0.6174, 0.6174], (53, 396): [39.7497, 38.2499], (46, 407): [0.2402, 0.2402], (444, 51): [39.3202, 6.97670000000001], (251, 125): [5.9504, 4.8049], (486, 435): [23.5978, 23.5978], (207, 182): [2.7695, 2.7695], (31, 72): [27.7615, 5.426600000000009], (208, 394): [13.6837, 13.6837], (56, 390): [12.5934, 3.8361000000000005], (242, 4): [23.9005, 7.775399999999967], (442, 9): [19.716, 0.35529999999999573], (469, 451): [40.0839, 31.66859999999999], (44, 197): [0.9497, 0.9497], (0, 390): [11.6502, 1.7972000000000015], (449, 358): [0.8457, 0.8457], (316, 270): [12.3067, 3.8741], (322, 345): [33.7296, 10.049900000000001], (56, 492): [11.804, 3.0440000000000027], (263, 220): [5.5568, 3.6191999999999993], (127, 440): [44.363, 44.363], (439, 358): [0.5837, 0.5837], (277, 391): [8.4279, 6.618499999999999], (390, 207): [4.3885, 4.3885], (103, 201): [38.9683, 6.421000000000012], (384, 470): [13.1651, 5.301100000000014], (26, 413): [1.3321, 1.3321], (297, 244): [45.0413, 5.197300000000004], (399, 62): [4.7984, 4.7984], (289, 312): [5.5758, 5.5758], (416, 161): [1.7993, 1.7993], (221, 161): [1.5853, 1.5853], (190, 145): [6.0293, 6.0293], (66, 387): [20.4201, 20.4201], (416, 190): [0.2185, 0.2185], (47, 433): [5.5479, 5.5479], (422, 452): [2.9343, 2.9343], (29, 39): [15.4484, 4.4628000000000245], (72, 365): [34.5799, 5.426600000000009], (65, 172): [2.5007, 2.5007], (269, 131): [7.9417, 2.4011], (273, 395): [1.1709, 1.1709], (289, 273): [5.4371, 3.5433999999999886], (128, 452): [2.7688, 2.7688], (416, 497): [0.2452, 0.2452], (174, 481): [16.1274, 4.8278], (399, 61): [3.453, 3.453], (497, 406): [6.9911, 6.9911], (120, 33): [44.2198, 44.2198], (427, 495): [41.434, 37.578299999999984], (297, 440): [43.657, 43.657], (482, 85): [11.5798, 11.5798], (29, 242): [15.9438, 1.2003999999999753], (254, 320): [5.4513, 5.4513], (314, 65): [4.8134, 2.6016000000000004], (61, 145): [5.9864, 5.9864], (416, 249): [0.9931, 0.9931], (49, 61): [1.9667, 1.9667], (394, 141): [6.811, 1.5542000000000018], (207, 393): [0.1901, 0.1901], (312, 58): [3.3145, 3.3145], (162, 161): [1.2783, 1.2783], (186, 418): [7.0538, 2.5274], (134, 66): [29.1261, 29.1261], (122, 361): [19.532, 9.977499999999992], (194, 418): [9.1912, 7.753199999999997], (125, 61): [0.6171, 0.6171], (204, 258): [27.7391, 2.2890000000000024], (172, 175): [7.809, 7.4402], (361, 251): [14.0873, 14.0873], (428, 321): [1.763, 1.763], (9, 308): [14.4464, 4.199199999999998], (93, 161): [0.1589, 0.1589], (289, 190): [4.4947, 4.4947], (115, 4): [21.348, 10.223300000000002], (386, 256): [19.1393, 9.739600000000012], (351, 22): [12.8241, 12.8241], (44, 157): [3.091, 3.091], (282, 109): [14.2282, 3.9717], (278, 330): [44.703, 3.2872000000000092], (61, 58): [4.3526, 4.3526], (39, 322): [25.106, 21.958000000000027], (49, 249): [0.7123, 0.7123], (12, 47): [2.4841, 2.4841], (391, 47): [1.7877, 1.7877], (127, 297): [48.8543, 48.8543], (387, 468): [12.5755, 2.1465999999999994], (38, 330): [41.9854, 11.317699999999995], (190, 87): [4.5018, 4.5018], (53, 276): [39.9722, 1.0001000000000095], (57, 492): [9.6368, 0.7149999999999999], (221, 395): [1.1741, 1.1741], (358, 131): [8.4218, 2.2890000000000024], (273, 117): [2.3444, 2.3444], (180, 73): [1.3317, 1.3317], (453, 463): [2.1775, 2.1775], (219, 393): [3.1834, 3.1834], (87, 152): [13.157, 10.9072], (330, 156): [47.6307, 47.6307], (127, 33): [44.7909, 44.7909], (277, 46): [7.812, 6.974699999999999], (58, 386): [11.4054, 2.9450000000000007], (186, 14): [8.4278, 0.9747000000000001], (45, 66): [27.8634, 27.8634], (328, 407): [0.0131, 0.0131], (222, 156): [49.5341, 18.415599999999994], (492, 186): [1.6897, 1.6897], (16, 387): [16.2102, 1.9000000000000146], (221, 351): [4.0135, 4.0135], (125, 11): [2.5192, 2.5192], (212, 134): [34.7833, 34.7833], (225, 301): [23.9108, 10.3484], (478, 211): [44.1181, 16.04979999999999], (394, 93): [6.8447, 6.8447], (186, 262): [5.9605, 5.9605], (71, 233): [34.415, 2.7030999999999987], (373, 181): [11.1491, 6.8536], (389, 215): [17.9295, 16.339999999999996], (463, 202): [5.965, 5.965], (22, 302): [21.9089, 21.9089], (461, 125): [4.52, 4.52], (26, 269): [1.6377, 1.6377], (162, 58): [3.1495, 3.1495], (314, 216): [5.5903, 1.6503], (391, 494): [1.3015, 1.3015], (248, 167): [20.2216, 0.2179999999999893], (48, 4): [20.8985, 20.8985], (220, 393): [0.6967, 0.6967], (22, 78): [20.904, 3.238400000000004], (141, 497): [1.3614, 1.3614], (335, 61): [4.8119, 4.8119], (22, 455): [21.3467, 21.3467], (490, 321): [0.7778, 0.7778], (488, 267): [30.8995, 5.012299999999988], (351, 298): [12.6644, 0.3988000000000016]}
Min cut  = 507.2727
Minimal cut = [127]
