
I1
Value of maximum PM =  82
Matching =  [(0, 4), (3, 0), (7, 3), (2, 1), (5, 9), (4, 2), (9, 8), (6, 7), (8, 6), (1, 5)]
u =  [7, 5, 7, 5, 6, 6, 6, 6, 6, 5]
v =  [4, 0, 3, 2, 2, 2, 2, 2, 3, 3]

Value of minimum PM =  9
Matching =  [(3, 5), (1, 3), (5, 2), (2, 8), (7, 6), (0, 0), (8, 7), (9, 9), (4, 1), (6, 4)]
u =  [5, 5, 5, 4, 6, 3, 6, 5, 5, 5]
v =  [-4, -5, 0, -4, -6, -4, -3, -4, -5, -5]


I2
Value of maximum PM =  265
Matching =  [(6, 11), (12, 3), (1, 1), (2, 5), (11, 7), (7, 10), (0, 2), (10, 9), (4, 8), (9, 4), (14, 6), (3, 14), (5, 13), (13, 12), (8, 0)]
u =  [16, 12, 17, 17, 16, 16, 16, 15, 17, 14, 19, 17, 17, 16, 16]
v =  [2, 2, 2, 0, 3, 1, 3, 2, 0, 0, 2, 3, 2, 0, 2]

Value of minimum PM =  31
Matching =  [(12, 0), (11, 2), (14, 10), (0, 5), (1, 11), (6, 13), (2, 6), (9, 9), (4, 1), (3, 4), (5, 7), (8, 12), (10, 3), (7, 8), (13, 14)]
u =  [5, 3, 6, 4, 6, 4, 5, 2, 7, 4, 5, 4, 4, 7, 3]
v =  [-4, 0, -1, 0, -3, -2, -6, -3, -1, -3, -2, -2, -4, -4, -3]


I3
Value of maximum PM =  4864
Matching =  [(28, 13), (15, 50), (29, 74), (46, 58), (41, 81), (81, 80), (85, 71), (68, 49), (92, 53), (60, 2), (2, 77), (75, 96), (84, 31), (56, 24), (66, 90), (86, 10), (11, 87), (26, 3), (53, 75), (24, 97), (59, 41), (74, 55), (94, 14), (38, 12), (27, 54), (64, 46), (0, 35), (30, 59), (31, 86), (8, 99), (67, 17), (1, 26), (48, 56), (83, 84), (39, 23), (57, 42), (65, 93), (63, 7), (37, 66), (3, 51), (77, 16), (80, 78), (62, 69), (97, 6), (42, 5), (95, 88), (19, 98), (32, 34), (79, 57), (49, 64), (44, 36), (7, 43), (35, 82), (25, 47), (54, 60), (61, 18), (91, 0), (13, 92), (55, 85), (45, 8), (51, 73), (87, 40), (90, 44), (34, 79), (22, 33), (52, 38), (18, 68), (5, 63), (69, 4), (4, 11), (96, 67), (93, 30), (6, 9), (89, 62), (40, 22), (16, 45), (43, 70), (47, 21), (50, 32), (70, 76), (98, 52), (33, 39), (82, 83), (10, 1), (20, 95), (72, 91), (9, 19), (17, 20), (21, 65), (23, 29), (78, 37), (71, 48), (12, 94), (73, 28), (99, 72), (14, 15), (58, 89), (76, 25), (36, 61), (88, 27)]
u =  [48, 47, 47, 46, 46, 47, 48, 47, 48, 48, 47, 47, 47, 47, 48, 48, 48, 46, 47, 47, 47, 48, 48, 47, 47, 45, 48, 47, 46, 46, 48, 47, 47, 47, 46, 48, 47, 47, 47, 48, 47, 46, 49, 45, 47, 47, 48, 46, 47, 47, 48, 47, 48, 47, 46, 47, 48, 48, 47, 47, 47, 48, 47, 47, 47, 47, 46, 47, 47, 48, 48, 48, 48, 47, 46, 48, 47, 47, 46, 47, 47, 46, 46, 47, 48, 47, 48, 48, 49, 47, 46, 49, 46, 47, 47, 47, 47, 47, 49, 47]
v =  [0, 2, 2, 0, 1, 0, 2, 1, 2, 1, 1, 3, 2, 2, 2, 1, 2, 2, 1, 1, 2, 3, 2, 1, 0, 2, 2, 0, 2, 2, 1, 1, 1, 1, 2, 1, 1, 2, 1, 0, 0, 2, 1, 2, 2, 0, 2, 2, 0, 1, 0, 2, 0, 3, 2, 3, 2, 2, 1, 1, 3, 2, 2, 2, 2, 1, 0, 1, 2, 2, 1, 2, 2, 2, 2, 2, 1, 1, 2, 3, 2, 2, 1, 2, 2, 2, 2, 2, 2, 2, 2, 1, 2, 1, 2, 0, 1, 1, 1, 1]

Value of minimum PM =  39
Matching =  [(97, 20), (73, 23), (86, 73), (85, 87), (72, 92), (49, 61), (34, 70), (67, 2), (30, 32), (17, 13), (22, 17), (81, 46), (20, 31), (8, 7), (48, 25), (79, 6), (75, 57), (65, 15), (21, 99), (7, 51), (63, 66), (0, 28), (24, 89), (64, 42), (10, 47), (33, 33), (36, 82), (41, 35), (51, 91), (39, 22), (69, 9), (58, 41), (29, 78), (9, 11), (44, 54), (96, 88), (54, 95), (46, 45), (95, 69), (74, 84), (77, 26), (57, 19), (13, 96), (83, 58), (87, 79), (80, 1), (42, 64), (71, 40), (40, 71), (47, 39), (25, 49), (70, 16), (32, 53), (19, 77), (45, 3), (28, 86), (35, 0), (26, 85), (12, 55), (11, 18), (50, 68), (4, 59), (52, 44), (16, 97), (2, 37), (6, 93), (92, 43), (93, 27), (91, 72), (90, 63), (66, 29), (88, 74), (94, 65), (27, 24), (78, 50), (31, 81), (98, 5), (62, 83), (61, 30), (43, 76), (56, 12), (18, 10), (15, 60), (1, 4), (60, 80), (76, 94), (68, 67), (53, 56), (89, 34), (55, 14), (23, 90), (82, 21), (84, 48), (14, 52), (99, 36), (59, 38), (38, 8), (5, 62), (3, 75), (37, 98)]
u =  [2, 2, 1, 2, 2, 3, 2, 1, 3, 2, 2, 0, 0, 2, 2, 4, 0, 2, 1, 2, 3, 3, 2, 2, 2, 2, 1, 2, 2, 2, 2, 2, 1, 2, 2, 1, 2, 2, 2, 2, 2, 2, 1, 1, 1, 2, 2, 2, 1, 1, 2, 2, 2, 1, 2, 1, 1, 2, 2, 2, 2, 2, 2, 2, 2, 3, 1, 2, 4, 2, 2, 4, 2, 1, 2, 0, 2, 3, 2, 2, 2, 2, 2, 1, 2, 3, 1, 1, 2, 2, 1, 1, 2, 2, 0, 2, 2, 1, 1, 2]
v =  [-1, -2, -1, -2, -1, -1, 0, -2, -2, -1, -1, -2, -1, -2, -1, -3, -2, -1, 0, -2, 0, -1, -2, -1, -2, -1, -1, -2, -2, -1, -2, -2, -1, -2, -1, -1, -2, -1, -2, -1, -2, -2, -2, -2, -2, -2, -1, -2, -2, -2, -2, -1, -2, -1, -1, 0, -1, 0, -1, -2, -2, 0, -2, -1, 0, 0, -1, -2, -2, -2, -2, -2, -1, -1, 0, 0, -1, -2, -2, -1, 0, -2, -2, -2, -1, -1, -2, -2, -2, -1, -2, -2, -2, -2, -1, -2, -1, 0, -2, -2]


I4
Value of maximum PM =  99000
Matching =  [(869, 822), (11, 831), (715, 668), (20, 622), (578, 733), (15, 113), (364, 242), (170, 133), (751, 408), (418, 377), (903, 689), (328, 640), (764, 825), (826, 828), (277, 355), (275, 258), (915, 823), (42, 59), (547, 18), (448, 943), (536, 330), (593, 682), (495, 371), (749, 975), (701, 853), (727, 962), (298, 447), (24, 51), (798, 815), (623, 119), (947, 70), (49, 16), (823, 845), (444, 19), (556, 468), (346, 43), (399, 499), (819, 777), (995, 935), (753, 502), (866, 630), (627, 563), (209, 172), (125, 153), (636, 679), (0, 104), (937, 508), (224, 726), (963, 809), (255, 984), (695, 639), (309, 210), (308, 530), (818, 750), (391, 920), (440, 202), (551, 914), (453, 835), (543, 587), (427, 33), (532, 481), (223, 271), (270, 358), (111, 960), (405, 159), (398, 416), (424, 519), (581, 443), (113, 106), (84, 229), (670, 575), (484, 219), (240, 278), (138, 613), (329, 311), (952, 989), (229, 325), (35, 598), (69, 273), (345, 483), (849, 942), (39, 131), (589, 460), (152, 152), (804, 729), (310, 665), (837, 480), (468, 559), (305, 382), (750, 648), (77, 347), (6, 788), (34, 830), (100, 137), (705, 915), (717, 819), (147, 177), (789, 866), (576, 578), (160, 215), (82, 810), (110, 40), (691, 702), (256, 876), (625, 789), (466, 434), (459, 431), (663, 678), (609, 510), (601, 288), (341, 779), (870, 348), (469, 300), (904, 752), (961, 494), (523, 150), (827, 877), (716, 627), (642, 941), (853, 143), (104, 109), (929, 615), (577, 541), (184, 101), (165, 45), (392, 329), (98, 112), (629, 861), (686, 26), (314, 405), (23, 42), (236, 77), (219, 175), (985, 442), (150, 78), (72, 185), (621, 764), (37, 362), (897, 604), (196, 296), (817, 626), (53, 27), (784, 956), (335, 992), (361, 404), (461, 427), (571, 544), (96, 53), (244, 328), (970, 352), (688, 739), (215, 72), (26, 44), (981, 217), (65, 744), (953, 651), (988, 609), (99, 10), (725, 923), (877, 617), (46, 818), (473, 569), (253, 187), (407, 452), (692, 775), (193, 323), (377, 462), (281, 225), (442, 433), (342, 310), (283, 365), (651, 438), (254, 198), (348, 207), (279, 181), (594, 453), (176, 340), (673, 608), (582, 432), (606, 701), (730, 712), (479, 140), (984, 174), (210, 3), (646, 230), (830, 868), (740, 799), (978, 993), (119, 232), (432, 23), (805, 862), (350, 332), (565, 489), (723, 794), (653, 616), (284, 173), (352, 574), (914, 821), (785, 795), (187, 189), (558, 967), (671, 514), (744, 252), (531, 727), (450, 337), (56, 190), (238, 369), (311, 661), (840, 706), (541, 664), (950, 938), (288, 317), (810, 977), (389, 440), (934, 196), (103, 341), (474, 459), (217, 52), (604, 688), (330, 246), (859, 973), (438, 467), (923, 391), (280, 120), (55, 550), (373, 151), (630, 127), (611, 533), (276, 646), (624, 735), (375, 327), (168, 81), (654, 436), (949, 999), (528, 737), (598, 964), (58, 130), (340, 376), (492, 61), (208, 305), (339, 346), (235, 201), (372, 381), (591, 683), (644, 375), (647, 757), (867, 784), (80, 136), (683, 676), (334, 241), (802, 854), (564, 790), (369, 503), (933, 262), (75, 274), (169, 931), (386, 891), (416, 535), (408, 420), (762, 936), (356, 364), (2, 9), (481, 666), (580, 863), (848, 839), (504, 638), (269, 182), (400, 512), (9, 354), (403, 551), (511, 558), (907, 302), (738, 881), (569, 141), (626, 704), (971, 586), (467, 612), (839, 647), (610, 808), (156, 387), (178, 730), (965, 958), (628, 567), (192, 227), (225, 171), (417, 414), (856, 601), (579, 724), (123, 90), (66, 156), (659, 458), (12, 473), (271, 399), (510, 301), (92, 129), (637, 759), (584, 599), (759, 801), (148, 34), (948, 260), (573, 632), (797, 947), (836, 986), (977, 552), (362, 426), (297, 484), (395, 415), (935, 537), (477, 769), (243, 105), (986, 155), (422, 625), (231, 234), (737, 714), (770, 846), (894, 620), (114, 791), (682, 760), (780, 756), (505, 526), (989, 659), (656, 995), (431, 397), (722, 816), (847, 662), (675, 833), (535, 89), (996, 25), (799, 793), (752, 765), (470, 516), (499, 383), (162, 205), (597, 641), (437, 476), (811, 844), (124, 31), (901, 15), (204, 334), (635, 419), (419, 304), (38, 864), (230, 245), (118, 883), (262, 87), (909, 637), (177, 14), (287, 401), (566, 579), (343, 211), (940, 897), (585, 708), (27, 536), (889, 99), (814, 855), (457, 313), (661, 934), (355, 543), (719, 699), (62, 79), (728, 763), (30, 917), (674, 965), (885, 957), (14, 124), (868, 717), (973, 631), (83, 268), (766, 435), (548, 511), (76, 76), (890, 755), (821, 504), (447, 385), (550, 231), (87, 356), (561, 441), (155, 286), (333, 275), (602, 445), (455, 522), (657, 847), (927, 493), (824, 994), (175, 84), (265, 24), (171, 220), (615, 402), (782, 996), (605, 406), (367, 411), (699, 619), (529, 983), (916, 213), (300, 303), (544, 680), (613, 768), (198, 293), (760, 728), (434, 409), (260, 725), (680, 806), (979, 297), (360, 117), (17, 546), (698, 565), (693, 335), (899, 867), (385, 359), (669, 782), (476, 485), (913, 912), (925, 837), (955, 963), (887, 691), (139, 36), (304, 322), (515, 343), (363, 154), (90, 82), (22, 71), (537, 324), (326, 342), (145, 667), (173, 842), (93, 5), (159, 269), (142, 111), (478, 403), (460, 698), (164, 97), (378, 345), (88, 692), (306, 605), (527, 184), (969, 980), (401, 525), (858, 796), (729, 716), (482, 528), (95, 192), (185, 0), (31, 649), (634, 394), (761, 693), (512, 952), (25, 892), (393, 423), (734, 571), (268, 114), (790, 7), (94, 144), (754, 767), (197, 96), (272, 295), (10, 805), (136, 92), (822, 753), (778, 606), (441, 478), (599, 885), (542, 697), (7, 925), (966, 901), (526, 908), (126, 263), (945, 840), (538, 644), (570, 455), (769, 589), (141, 997), (959, 696), (697, 400), (944, 988), (207, 279), (932, 115), (967, 732), (708, 687), (703, 581), (864, 418), (475, 742), (435, 472), (643, 63), (520, 509), (568, 865), (976, 905), (337, 148), (485, 607), (179, 316), (664, 487), (222, 110), (358, 539), (239, 149), (166, 463), (614, 741), (452, 272), (1, 834), (73, 848), (980, 444), (218, 388), (122, 199), (501, 652), (245, 287), (368, 450), (519, 882), (370, 410), (931, 386), (776, 940), (757, 950), (554, 429), (115, 17), (583, 584), (214, 85), (898, 160), (587, 428), (710, 890), (873, 553), (825, 884), (436, 529), (792, 785), (294, 318), (252, 194), (607, 518), (662, 498), (816, 826), (893, 773), (503, 594), (668, 645), (443, 407), (533, 57), (900, 556), (685, 600), (433, 583), (246, 91), (429, 132), (888, 686), (327, 344), (132, 30), (29, 331), (494, 363), (842, 610), (772, 169), (487, 572), (854, 671), (633, 570), (902, 900), (595, 674), (483, 188), (430, 366), (397, 758), (745, 838), (264, 161), (939, 690), (117, 238), (906, 203), (687, 374), (107, 65), (704, 709), (134, 88), (129, 138), (302, 21), (454, 657), (884, 116), (871, 874), (471, 720), (387, 754), (320, 58), (922, 817), (850, 802), (71, 236), (508, 265), (747, 694), (982, 454), (462, 527), (226, 13), (892, 916), (845, 29), (806, 762), (146, 223), (679, 523), (712, 800), (259, 532), (498, 778), (183, 261), (796, 798), (28, 11), (449, 209), (242, 314), (560, 577), (793, 446), (273, 568), (921, 62), (600, 871), (707, 128), (735, 531), (525, 495), (409, 166), (831, 858), (957, 946), (881, 937), (32, 233), (997, 22), (774, 705), (182, 250), (667, 492), (131, 430), (861, 907), (521, 549), (278, 841), (186, 142), (724, 889), (200, 321), (612, 466), (994, 859), (771, 987), (962, 731), (174, 538), (924, 971), (321, 378), (530, 251), (489, 505), (258, 170), (472, 456), (808, 781), (545, 903), (586, 743), (290, 280), (620, 663), (263, 221), (491, 307), (539, 747), (786, 771), (325, 277), (41, 562), (351, 285), (990, 766), (206, 164), (908, 836), (731, 804), (101, 176), (694, 939), (788, 898), (180, 126), (702, 893), (411, 506), (316, 239), (463, 656), (879, 888), (8, 879), (993, 685), (649, 634), (496, 470), (394, 677), (428, 593), (388, 959), (666, 673), (445, 515), (374, 636), (617, 776), (189, 413), (713, 521), (852, 928), (89, 54), (194, 157), (349, 338), (658, 746), (420, 643), (998, 490), (974, 669), (228, 139), (127, 475), (795, 339), (736, 479), (800, 954), (509, 654), (863, 83), (791, 749), (456, 437), (833, 961), (517, 856), (999, 933), (381, 326), (266, 922), (195, 103), (376, 320), (52, 276), (318, 557), (956, 200), (516, 554), (338, 147), (522, 496), (777, 872), (19, 913), (991, 623), (257, 255), (838, 851), (458, 547), (835, 700), (425, 50), (57, 629), (972, 633), (347, 998), (190, 102), (188, 98), (261, 292), (4, 540), (942, 319), (383, 370), (941, 94), (690, 734), (323, 350), (938, 590), (379, 814), (426, 588), (502, 197), (301, 121), (313, 222), (746, 69), (36, 8), (130, 283), (486, 740), (85, 208), (18, 162), (552, 561), (112, 158), (812, 711), (109, 218), (689, 513), (960, 524), (803, 972), (645, 618), (406, 395), (50, 906), (709, 718), (781, 545), (732, 670), (79, 146), (639, 628), (60, 266), (191, 254), (865, 896), (652, 921), (497, 253), (555, 948), (63, 38), (203, 244), (860, 520), (296, 183), (64, 259), (648, 832), (820, 353), (97, 1), (500, 384), (880, 945), (928, 982), (480, 315), (221, 167), (267, 100), (815, 829), (70, 6), (549, 926), (603, 658), (285, 299), (181, 517), (775, 811), (205, 298), (167, 2), (5, 783), (303, 118), (878, 949), (247, 145), (312, 67), (619, 449), (202, 291), (608, 919), (108, 306), (317, 951), (616, 909), (828, 55), (140, 464), (846, 738), (396, 163), (631, 580), (882, 803), (951, 895), (106, 282), (946, 719), (21, 108), (572, 713), (506, 47), (234, 264), (807, 918), (905, 929), (158, 675), (768, 968), (371, 357), (655, 32), (421, 308), (293, 191), (514, 284), (54, 86), (883, 75), (307, 681), (61, 812), (67, 12), (918, 904), (553, 597), (413, 68), (44, 924), (415, 368), (660, 672), (384, 257), (81, 37), (237, 247), (439, 497), (767, 944), (706, 491), (911, 849), (344, 333), (783, 792), (414, 398), (886, 875), (216, 41), (843, 850), (930, 379), (676, 695), (282, 235), (741, 736), (102, 614), (331, 703), (841, 979), (3, 974), (507, 976), (733, 417), (696, 772), (232, 226), (726, 20), (743, 573), (153, 228), (322, 186), (917, 786), (220, 351), (748, 911), (739, 807), (910, 73), (149, 56), (638, 542), (714, 488), (488, 611), (912, 981), (292, 180), (700, 745), (289, 256), (51, 123), (832, 60), (590, 294), (711, 820), (954, 421), (404, 966), (172, 635), (78, 270), (16, 969), (423, 249), (943, 902), (43, 707), (33, 932), (332, 248), (493, 49), (983, 857), (295, 240), (366, 457), (684, 880), (773, 134), (964, 978), (446, 425), (641, 780), (143, 107), (813, 214), (86, 852), (975, 93), (47, 168), (574, 624), (74, 122), (451, 465), (116, 603), (896, 990), (137, 474), (274, 80), (632, 595), (402, 486), (336, 655), (618, 650), (299, 216), (765, 761), (742, 721), (681, 389), (133, 361), (513, 930), (359, 281), (241, 393), (248, 212), (201, 95), (518, 843), (862, 985), (412, 585), (380, 35), (534, 910), (45, 870), (353, 360), (365, 555), (851, 28), (68, 290), (588, 469), (562, 501), (958, 770), (540, 422), (48, 710), (801, 451), (787, 684), (151, 991), (144, 64), (640, 448), (464, 477), (596, 827), (834, 824), (120, 125), (665, 927), (592, 660), (936, 566), (59, 873), (157, 48), (992, 886), (874, 564), (622, 722), (876, 66), (465, 312), (559, 813), (524, 715), (926, 899), (490, 336), (844, 887), (718, 534), (251, 380), (895, 591), (163, 309), (920, 953), (291, 204), (672, 507), (756, 582), (315, 206), (720, 548), (319, 596), (809, 787), (678, 576), (872, 751), (557, 390), (105, 224), (154, 178), (563, 412), (919, 955), (199, 289), (40, 243), (755, 878), (91, 39), (324, 396), (233, 237), (249, 367), (250, 461), (211, 500), (546, 372), (721, 482), (390, 642), (857, 894), (779, 471), (758, 797), (829, 774), (650, 621), (286, 424), (382, 349), (354, 602), (987, 748), (135, 46), (968, 392), (875, 4), (357, 373), (855, 74), (794, 592), (128, 723), (410, 179), (575, 970), (161, 165), (212, 267), (891, 869), (213, 193), (763, 860), (121, 135), (227, 195), (13, 439), (567, 560), (677, 653)]
u =  [99, 99, 99, 99, 99, 99, 99, 99, 99, 99, 99, 99, 99, 99, 99, 99, 99, 99, 99, 99, 99, 99, 99, 99, 99, 99, 99, 99, 99, 99, 99, 99, 99, 99, 99, 99, 99, 99, 99, 99, 99, 99, 99, 99, 99, 99, 99, 99, 99, 99, 99, 99, 99, 99, 99, 99, 99, 99, 99, 99, 99, 99, 99, 99, 99, 99, 99, 99, 99, 99, 99, 99, 99, 99, 99, 99, 99, 99, 99, 99, 99, 99, 99, 99, 99, 99, 99, 99, 99, 99, 99, 99, 99, 99, 99, 99, 99, 99, 99, 99, 99, 99, 99, 99, 99, 99, 99, 99, 99, 99, 99, 99, 99, 99, 99, 99, 99, 99, 99, 99, 99, 99, 99, 99, 99, 99, 99, 99, 99, 99, 99, 99, 99, 99, 99, 99, 99, 99, 99, 99, 99, 99, 99, 99, 99, 99, 99, 99, 99, 99, 99, 99, 99, 99, 99, 99, 99, 99, 99, 99, 99, 99, 99, 99, 99, 99, 99, 99, 99, 99, 99, 99, 99, 99, 99, 99, 99, 99, 99, 99, 99, 99, 99, 99, 99, 99, 99, 99, 99, 99, 99, 99, 99, 99, 99, 99, 99, 99, 99, 99, 99, 99, 99, 99, 99, 99, 99, 99, 99, 99, 99, 99, 99, 99, 99, 99, 99, 99, 99, 99, 99, 99, 99, 99, 99, 99, 99, 99, 99, 99, 99, 99, 99, 99, 99, 99, 99, 99, 99, 99, 99, 99, 99, 99, 99, 99, 99, 99, 99, 99, 99, 99, 99, 99, 99, 99, 99, 99, 99, 99, 99, 99, 99, 99, 99, 99, 99, 99, 99, 99, 99, 99, 99, 99, 99, 99, 99, 99, 99, 99, 99, 99, 99, 99, 99, 99, 99, 99, 99, 99, 99, 99, 99, 99, 99, 99, 99, 99, 99, 99, 99, 99, 99, 99, 99, 99, 99, 99, 99, 99, 99, 99, 99, 99, 99, 99, 99, 99, 99, 99, 99, 99, 99, 99, 99, 99, 99, 99, 99, 99, 99, 99, 99, 99, 99, 99, 99, 99, 99, 99, 99, 99, 99, 99, 99, 99, 99, 99, 99, 99, 99, 99, 99, 99, 99, 99, 99, 99, 99, 99, 99, 99, 99, 99, 99, 99, 99, 99, 99, 99, 99, 99, 99, 99, 99, 99, 99, 99, 99, 99, 99, 99, 99, 99, 99, 99, 99, 99, 99, 99, 99, 99, 99, 99, 99, 99, 99, 99, 99, 99, 99, 99, 99, 99, 99, 99, 99, 99, 99, 99, 99, 99, 99, 99, 99, 99, 99, 99, 99, 99, 99, 99, 99, 99, 99, 99, 99, 99, 99, 99, 99, 99, 99, 99, 99, 99, 99, 99, 99, 99, 99, 99, 99, 99, 99, 99, 99, 99, 99, 99, 99, 99, 99, 99, 99, 99, 99, 99, 99, 99, 99, 99, 99, 99, 99, 99, 99, 99, 99, 99, 99, 99, 99, 99, 99, 99, 99, 99, 99, 99, 99, 99, 99, 99, 99, 99, 99, 99, 99, 99, 99, 99, 99, 99, 99, 99, 99, 99, 99, 99, 99, 99, 99, 99, 99, 99, 99, 99, 99, 99, 99, 99, 99, 99, 99, 99, 99, 99, 99, 99, 99, 99, 99, 99, 99, 99, 99, 99, 99, 99, 99, 99, 99, 99, 99, 99, 99, 99, 99, 99, 99, 99, 99, 99, 99, 99, 99, 99, 99, 99, 99, 99, 99, 99, 99, 99, 99, 99, 99, 99, 99, 99, 99, 99, 99, 99, 99, 99, 99, 99, 99, 99, 99, 99, 99, 99, 99, 99, 99, 99, 99, 99, 99, 99, 99, 99, 99, 99, 99, 99, 99, 99, 99, 99, 99, 99, 99, 99, 99, 99, 99, 99, 99, 99, 99, 99, 99, 99, 99, 99, 99, 99, 99, 99, 99, 99, 99, 99, 99, 99, 99, 99, 99, 99, 99, 99, 99, 99, 99, 99, 99, 99, 99, 99, 99, 99, 99, 99, 99, 99, 99, 99, 99, 99, 99, 99, 99, 99, 99, 99, 99, 99, 99, 99, 99, 99, 99, 99, 99, 99, 99, 99, 99, 99, 99, 99, 99, 99, 99, 99, 99, 99, 99, 99, 99, 99, 99, 99, 99, 99, 99, 99, 99, 99, 99, 99, 99, 99, 99, 99, 99, 99, 99, 99, 99, 99, 99, 99, 99, 99, 99, 99, 99, 99, 99, 99, 99, 99, 99, 99, 99, 99, 99, 99, 99, 99, 99, 99, 99, 99, 99, 99, 99, 99, 99, 99, 99, 99, 99, 99, 99, 99, 99, 99, 99, 99, 99, 99, 99, 99, 99, 99, 99, 99, 99, 99, 99, 99, 99, 99, 99, 99, 99, 99, 99, 99, 99, 99, 99, 99, 99, 99, 99, 99, 99, 99, 99, 99, 99, 99, 99, 99, 99, 99, 99, 99, 99, 99, 99, 99, 99, 99, 99, 99, 99, 99, 99, 99, 99, 99, 99, 99, 99, 99, 99, 99, 99, 99, 99, 99, 99, 99, 99, 99, 99, 99, 99, 99, 99, 99, 99, 99, 99, 99, 99, 99, 99, 99, 99, 99, 99, 99, 99, 99, 99, 99, 99, 99, 99, 99, 99, 99, 99, 99, 99, 99, 99, 99, 99, 99, 99, 99, 99, 99, 99, 99, 99, 99, 99, 99, 99, 99, 99, 99, 99, 99, 99, 99, 99, 99, 99, 99, 99, 99, 99, 99, 99, 99, 99, 99, 99, 99, 99, 99, 99, 99, 99, 99, 99, 99, 99, 99, 99, 99, 99, 99, 99, 99, 99, 99, 99, 99, 99, 99, 99, 99, 99, 99, 99, 99, 99, 99, 99, 99, 99, 99, 99, 99, 99, 99, 99, 99, 99, 99, 99, 99, 99, 99, 99, 99, 99, 99, 99, 99, 99, 99, 99, 99, 99, 99, 99, 99, 99, 99, 99, 99, 99, 99, 99, 99, 99, 99, 99, 99, 99, 99, 99, 99, 99, 99, 99, 99, 99, 99, 99, 99, 99, 99, 99, 99, 99, 99, 99, 99, 99, 99, 99, 99, 99, 99, 99, 99, 99, 99, 99, 99, 99, 99, 99, 99, 99, 99, 99, 99, 99, 99, 99, 99, 99, 99, 99, 99, 99, 99, 99, 99, 99, 99, 99, 99]
v =  [0, 0, 0, 0, 0, 0, 0, 0, 0, 0, 0, 0, 0, 0, 0, 0, 0, 0, 0, 0, 0, 0, 0, 0, 0, 0, 0, 0, 0, 0, 0, 0, 0, 0, 0, 0, 0, 0, 0, 0, 0, 0, 0, 0, 0, 0, 0, 0, 0, 0, 0, 0, 0, 0, 0, 0, 0, 0, 0, 0, 0, 0, 0, 0, 0, 0, 0, 0, 0, 0, 0, 0, 0, 0, 0, 0, 0, 0, 0, 0, 0, 0, 0, 0, 0, 0, 0, 0, 0, 0, 0, 0, 0, 0, 0, 0, 0, 0, 0, 0, 0, 0, 0, 0, 0, 0, 0, 0, 0, 0, 0, 0, 0, 0, 0, 0, 0, 0, 0, 0, 0, 0, 0, 0, 0, 0, 0, 0, 0, 0, 0, 0, 0, 0, 0, 0, 0, 0, 0, 0, 0, 0, 0, 0, 0, 0, 0, 0, 0, 0, 0, 0, 0, 0, 0, 0, 0, 0, 0, 0, 0, 0, 0, 0, 0, 0, 0, 0, 0, 0, 0, 0, 0, 0, 0, 0, 0, 0, 0, 0, 0, 0, 0, 0, 0, 0, 0, 0, 0, 0, 0, 0, 0, 0, 0, 0, 0, 0, 0, 0, 0, 0, 0, 0, 0, 0, 0, 0, 0, 0, 0, 0, 0, 0, 0, 0, 0, 0, 0, 0, 0, 0, 0, 0, 0, 0, 0, 0, 0, 0, 0, 0, 0, 0, 0, 0, 0, 0, 0, 0, 0, 0, 0, 0, 0, 0, 0, 0, 0, 0, 0, 0, 0, 0, 0, 0, 0, 0, 0, 0, 0, 0, 0, 0, 0, 0, 0, 0, 0, 0, 0, 0, 0, 0, 0, 0, 0, 0, 0, 0, 0, 0, 0, 0, 0, 0, 0, 0, 0, 0, 0, 0, 0, 0, 0, 0, 0, 0, 0, 0, 0, 0, 0, 0, 0, 0, 0, 0, 0, 0, 0, 0, 0, 0, 0, 0, 0, 0, 0, 0, 0, 0, 0, 0, 0, 0, 0, 0, 0, 0, 0, 0, 0, 0, 0, 0, 0, 0, 0, 0, 0, 0, 0, 0, 0, 0, 0, 0, 0, 0, 0, 0, 0, 0, 0, 0, 0, 0, 0, 0, 0, 0, 0, 0, 0, 0, 0, 0, 0, 0, 0, 0, 0, 0, 0, 0, 0, 0, 0, 0, 0, 0, 0, 0, 0, 0, 0, 0, 0, 0, 0, 0, 0, 0, 0, 0, 0, 0, 0, 0, 0, 0, 0, 0, 0, 0, 0, 0, 0, 0, 0, 0, 0, 0, 0, 0, 0, 0, 0, 0, 0, 0, 0, 0, 0, 0, 0, 0, 0, 0, 0, 0, 0, 0, 0, 0, 0, 0, 0, 0, 0, 0, 0, 0, 0, 0, 0, 0, 0, 0, 0, 0, 0, 0, 0, 0, 0, 0, 0, 0, 0, 0, 0, 0, 0, 0, 0, 0, 0, 0, 0, 0, 0, 0, 0, 0, 0, 0, 0, 0, 0, 0, 0, 0, 0, 0, 0, 0, 0, 0, 0, 0, 0, 0, 0, 0, 0, 0, 0, 0, 0, 0, 0, 0, 0, 0, 0, 0, 0, 0, 0, 0, 0, 0, 0, 0, 0, 0, 0, 0, 0, 0, 0, 0, 0, 0, 0, 0, 0, 0, 0, 0, 0, 0, 0, 0, 0, 0, 0, 0, 0, 0, 0, 0, 0, 0, 0, 0, 0, 0, 0, 0, 0, 0, 0, 0, 0, 0, 0, 0, 0, 0, 0, 0, 0, 0, 0, 0, 0, 0, 0, 0, 0, 0, 0, 0, 0, 0, 0, 0, 0, 0, 0, 0, 0, 0, 0, 0, 0, 0, 0, 0, 0, 0, 0, 0, 0, 0, 0, 0, 0, 0, 0, 0, 0, 0, 0, 0, 0, 0, 0, 0, 0, 0, 0, 0, 0, 0, 0, 0, 0, 0, 0, 0, 0, 0, 0, 0, 0, 0, 0, 0, 0, 0, 0, 0, 0, 0, 0, 0, 0, 0, 0, 0, 0, 0, 0, 0, 0, 0, 0, 0, 0, 0, 0, 0, 0, 0, 0, 0, 0, 0, 0, 0, 0, 0, 0, 0, 0, 0, 0, 0, 0, 0, 0, 0, 0, 0, 0, 0, 0, 0, 0, 0, 0, 0, 0, 0, 0, 0, 0, 0, 0, 0, 0, 0, 0, 0, 0, 0, 0, 0, 0, 0, 0, 0, 0, 0, 0, 0, 0, 0, 0, 0, 0, 0, 0, 0, 0, 0, 0, 0, 0, 0, 0, 0, 0, 0, 0, 0, 0, 0, 0, 0, 0, 0, 0, 0, 0, 0, 0, 0, 0, 0, 0, 0, 0, 0, 0, 0, 0, 0, 0, 0, 0, 0, 0, 0, 0, 0, 0, 0, 0, 0, 0, 0, 0, 0, 0, 0, 0, 0, 0, 0, 0, 0, 0, 0, 0, 0, 0, 0, 0, 0, 0, 0, 0, 0, 0, 0, 0, 0, 0, 0, 0, 0, 0, 0, 0, 0, 0, 0, 0, 0, 0, 0, 0, 0, 0, 0, 0, 0, 0, 0, 0, 0, 0, 0, 0, 0, 0, 0, 0, 0, 0, 0, 0, 0, 0, 0, 0, 0, 0, 0, 0, 0, 0, 0, 0, 0, 0, 0, 0, 0, 0, 0, 0, 0, 0, 0, 0, 0, 0, 0, 0, 0, 0, 0, 0, 0, 0, 0, 0, 0, 0, 0, 0, 0, 0, 0, 0, 0, 0, 0, 0, 0, 0, 0, 0, 0, 0, 0, 0, 0, 0, 0, 0, 0, 0, 0, 0, 0, 0, 0, 0, 0, 0, 0, 0, 0, 0, 0, 0, 0, 0, 0, 0, 0, 0, 0, 0, 0, 0, 0, 0, 0, 0, 0, 0, 0, 0, 0, 0, 0, 0, 0, 0, 0, 0, 0, 0, 0, 0, 0, 0, 0, 0, 0, 0, 0, 0, 0, 0, 0, 0, 0, 0, 0, 0, 0, 0, 0, 0, 0, 0, 0, 0, 0, 0, 0, 0, 0, 0, 0, 0, 0, 0, 0, 0, 0, 0, 0, 0, 0, 0, 0, 0, 0, 0, 0, 0, 0, 0, 0, 0, 0, 0, 0, 0, 0, 0, 0, 0, 0, 0, 0, 0, 0, 0, 0]

Value of minimum PM =  0
Matching =  [(261, 348), (987, 646), (81, 479), (116, 471), (518, 941), (790, 774), (774, 908), (169, 264), (542, 957), (573, 235), (771, 754), (779, 721), (102, 11), (509, 553), (336, 72), (747, 739), (184, 63), (49, 287), (119, 238), (534, 974), (133, 170), (657, 560), (216, 272), (691, 900), (471, 441), (656, 988), (704, 699), (942, 858), (452, 564), (964, 950), (986, 81), (625, 573), (241, 117), (699, 912), (398, 778), (299, 46), (83, 317), (5, 198), (12, 21), (902, 785), (4, 177), (946, 916), (914, 458), (716, 808), (462, 379), (42, 24), (391, 174), (348, 864), (0, 826), (482, 713), (917, 13), (313, 309), (375, 232), (442, 633), (782, 726), (266, 40), (254, 385), (291, 249), (399, 579), (236, 312), (965, 230), (310, 284), (901, 722), (477, 389), (620, 373), (527, 658), (579, 555), (722, 655), (551, 869), (955, 310), (984, 873), (939, 375), (15, 86), (658, 690), (316, 652), (510, 642), (23, 89), (791, 723), (55, 165), (554, 187), (192, 244), (18, 453), (593, 438), (977, 460), (56, 73), (887, 934), (836, 964), (230, 36), (250, 293), (756, 636), (549, 570), (629, 267), (146, 315), (125, 224), (743, 624), (384, 459), (862, 762), (798, 835), (524, 554), (570, 790), (831, 784), (160, 28), (635, 961), (671, 727), (480, 719), (445, 85), (906, 983), (786, 753), (62, 131), (334, 351), (838, 781), (246, 394), (139, 262), (338, 311), (949, 585), (718, 513), (921, 240), (27, 212), (736, 857), (788, 101), (619, 444), (412, 470), (666, 944), (185, 202), (303, 450), (228, 192), (898, 504), (244, 511), (272, 216), (282, 35), (472, 666), (484, 987), (594, 919), (414, 497), (609, 621), (410, 807), (496, 547), (287, 316), (341, 847), (783, 834), (572, 798), (446, 276), (304, 344), (762, 867), (156, 307), (681, 759), (692, 349), (755, 825), (589, 501), (904, 49), (727, 872), (630, 558), (419, 399), (40, 67), (730, 802), (120, 93), (455, 362), (200, 322), (90, 23), (723, 806), (980, 90), (558, 391), (624, 812), (975, 572), (565, 617), (418, 61), (976, 304), (229, 154), (478, 51), (122, 365), (337, 670), (754, 838), (811, 628), (25, 17), (610, 828), (178, 84), (488, 465), (650, 985), (697, 74), (600, 147), (209, 281), (421, 241), (238, 135), (420, 142), (933, 600), (404, 160), (179, 175), (925, 924), (297, 463), (738, 691), (960, 91), (871, 769), (506, 112), (954, 237), (695, 567), (99, 332), (180, 214), (79, 2), (378, 292), (289, 253), (982, 682), (242, 491), (356, 494), (969, 314), (821, 836), (894, 874), (507, 430), (835, 765), (220, 412), (682, 515), (114, 100), (929, 868), (511, 641), (104, 98), (51, 605), (300, 381), (535, 603), (278, 53), (115, 47), (891, 378), (581, 989), (872, 966), (203, 22), (390, 523), (189, 481), (44, 31), (520, 248), (295, 208), (302, 357), (994, 994), (370, 447), (741, 716), (708, 644), (66, 4), (709, 792), (447, 268), (931, 669), (440, 531), (733, 840), (128, 121), (858, 813), (425, 518), (614, 480), (740, 811), (328, 95), (165, 329), (256, 779), (71, 69), (206, 105), (8, 140), (866, 303), (13, 41), (157, 559), (882, 587), (372, 451), (457, 439), (522, 879), (532, 138), (353, 246), (874, 640), (989, 665), (323, 527), (632, 776), (863, 850), (959, 887), (485, 551), (641, 382), (223, 975), (190, 125), (940, 885), (96, 219), (875, 548), (2, 92), (224, 19), (195, 388), (930, 289), (318, 396), (59, 618), (476, 660), (158, 181), (85, 955), (467, 639), (112, 269), (631, 871), (674, 369), (805, 883), (401, 905), (768, 822), (519, 448), (888, 791), (173, 185), (78, 265), (325, 151), (923, 435), (54, 485), (649, 103), (335, 66), (276, 109), (124, 153), (441, 327), (451, 424), (210, 178), (142, 78), (668, 668), (11, 220), (796, 744), (383, 380), (94, 172), (553, 576), (69, 319), (804, 937), (832, 938), (688, 793), (661, 732), (820, 932), (538, 604), (218, 915), (150, 57), (803, 796), (973, 493), (773, 672), (597, 301), (951, 907), (176, 159), (406, 591), (893, 704), (563, 487), (1, 18), (36, 892), (868, 678), (239, 290), (132, 968), (486, 524), (45, 920), (350, 364), (599, 516), (129, 631), (483, 614), (294, 550), (374, 411), (611, 913), (592, 637), (596, 622), (552, 698), (503, 715), (491, 928), (844, 735), (309, 419), (608, 933), (259, 99), (840, 801), (88, 70), (438, 415), (136, 522), (19, 20), (813, 525), (792, 693), (555, 995), (873, 876), (567, 393), (453, 510), (637, 535), (155, 190), (490, 714), (324, 260), (679, 616), (130, 196), (981, 702), (713, 337), (456, 433), (732, 823), (571, 748), (481, 756), (28, 417), (547, 610), (202, 478), (331, 306), (667, 601), (107, 108), (75, 110), (285, 400), (430, 990), (108, 846), (531, 982), (87, 849), (623, 755), (945, 288), (974, 477), (16, 60), (810, 613), (574, 442), (670, 431), (621, 648), (849, 407), (749, 820), (255, 48), (215, 231), (781, 320), (424, 361), (93, 775), (643, 860), (77, 245), (186, 464), (664, 608), (298, 217), (737, 914), (502, 413), (582, 563), (358, 250), (100, 782), (280, 911), (523, 647), (448, 283), (867, 521), (683, 611), (168, 134), (311, 107), (947, 449), (885, 370), (528, 482), (561, 468), (990, 972), (162, 141), (498, 986), (826, 942), (351, 455), (644, 979), (870, 758), (766, 707), (359, 139), (473, 454), (194, 256), (775, 372), (848, 255), (934, 43), (663, 278), (24, 87), (918, 687), (996, 606), (869, 574), (499, 402), (53, 15), (131, 675), (264, 118), (182, 65), (126, 770), (760, 709), (405, 355), (568, 910), (983, 951), (314, 519), (854, 620), (728, 490), (252, 387), (214, 164), (47, 205), (795, 866), (997, 432), (113, 186), (852, 578), (819, 730), (52, 724), (417, 542), (466, 788), (985, 29), (365, 577), (859, 795), (812, 571), (177, 39), (89, 296), (494, 680), (517, 584), (487, 697), (529, 568), (197, 127), (525, 626), (734, 800), (828, 763), (972, 533), (890, 27), (293, 152), (290, 282), (823, 772), (166, 146), (382, 368), (501, 498), (362, 509), (690, 615), (376, 436), (387, 492), (701, 803), (479, 676), (916, 496), (101, 967), (263, 279), (655, 673), (267, 679), (544, 981), (966, 42), (564, 14), (809, 12), (816, 700), (627, 543), (725, 507), (283, 363), (416, 286), (354, 421), (381, 506), (265, 9), (35, 734), (459, 586), (235, 324), (343, 894), (57, 251), (513, 366), (785, 980), (757, 664), (742, 862), (277, 252), (827, 8), (454, 428), (345, 856), (388, 132), (172, 918), (735, 684), (279, 243), (892, 671), (500, 275), (439, 405), (30, 38), (221, 215), (64, 517), (794, 397), (646, 635), (204, 234), (149, 104), (953, 191), (604, 529), (717, 696), (612, 760), (110, 195), (211, 503), (31, 661), (721, 30), (444, 259), (958, 909), (591, 771), (68, 189), (82, 592), (601, 350), (9, 977), (284, 429), (106, 173), (751, 629), (470, 799), (702, 829), (752, 630), (39, 102), (268, 129), (273, 166), (217, 291), (95, 768), (329, 345), (449, 242), (373, 404), (526, 582), (196, 168), (556, 971), (693, 650), (346, 359), (152, 203), (426, 598), (161, 111), (719, 298), (123, 94), (151, 210), (676, 656), (784, 945), (333, 156), (938, 861), (586, 406), (864, 877), (14, 144), (899, 271), (715, 737), (193, 297), (121, 37), (516, 247), (618, 594), (626, 896), (135, 302), (926, 16), (428, 96), (968, 929), (257, 956), (988, 483), (919, 52), (772, 423), (17, 895), (514, 569), (397, 179), (427, 239), (371, 346), (843, 947), (587, 653), (37, 718), (434, 674), (577, 374), (829, 489), (207, 499), (825, 963), (550, 991), (339, 158), (748, 728), (802, 384), (824, 627), (675, 386), (753, 889), (187, 959), (403, 295), (726, 831), (889, 965), (778, 729), (970, 120), (34, 720), (73, 80), (700, 817), (886, 184), (402, 409), (744, 689), (687, 537), (60, 821), (344, 371), (560, 832), (153, 308), (286, 274), (846, 939), (684, 705), (991, 837), (233, 148), (86, 126), (380, 581), (247, 211), (368, 171), (271, 893), (109, 930), (389, 333), (787, 703), (198, 130), (797, 752), (148, 114), (652, 360), (469, 538), (461, 445), (602, 353), (559, 953), (603, 544), (240, 82), (67, 62), (450, 903), (366, 257), (758, 738), (995, 390), (369, 330), (943, 229), (103, 263), (258, 609), (188, 26), (580, 743), (905, 827), (963, 899), (340, 200), (191, 403), (764, 500), (910, 978), (584, 565), (74, 97), (685, 923), (7, 116), (617, 688), (41, 708), (199, 347), (750, 898), (961, 943), (636, 897), (322, 77), (464, 545), (307, 902), (98, 113), (850, 970), (320, 589), (497, 456), (645, 213), (407, 657), (105, 376), (924, 124), (935, 824), (275, 331), (22, 878), (164, 221), (234, 328), (174, 209), (909, 969), (569, 888), (647, 701), (908, 783), (789, 830), (878, 794), (678, 733), (97, 55), (622, 649), (409, 163), (489, 6), (269, 816), (512, 486), (588, 848), (10, 136), (879, 984), (213, 958), (436, 383), (605, 815), (900, 68), (386, 612), (435, 526), (962, 993), (80, 133), (615, 833), (776, 539), (92, 54), (598, 325), (463, 323), (884, 122), (143, 886), (927, 745), (201, 865), (147, 285), (759, 632), (731, 643), (355, 638), (851, 645), (607, 443), (413, 123), (606, 843), (769, 58), (903, 870), (237, 261), (468, 475), (640, 750), (711, 819), (431, 502), (61, 461), (950, 998), (833, 842), (613, 681), (492, 556), (63, 336), (793, 711), (319, 150), (648, 925), (385, 976), (911, 880), (801, 273), (928, 940), (817, 949), (167, 197), (408, 530), (163, 904), (999, 137), (159, 474), (770, 999), (505, 557), (841, 580), (308, 358), (837, 960), (349, 692), (541, 927), (411, 339), (907, 484), (818, 422), (920, 818), (686, 996), (998, 890), (326, 495), (330, 710), (111, 33), (70, 199), (912, 607), (546, 882), (249, 194), (834, 789), (616, 839), (545, 334), (845, 561), (312, 469), (638, 143), (540, 891), (493, 787), (227, 64), (50, 446), (281, 313), (226, 236), (521, 342), (33, 227), (183, 223), (495, 562), (705, 634), (876, 410), (357, 508), (673, 335), (677, 740), (842, 749), (396, 188), (117, 354), (895, 946), (576, 855), (979, 677), (714, 426), (118, 149), (208, 299), (777, 452), (706, 595), (301, 377), (763, 921), (956, 841), (724, 590), (171, 367), (395, 736), (327, 222), (145, 59), (680, 706), (548, 992), (628, 757), (590, 420), (474, 541), (292, 228), (342, 717), (739, 917), (583, 520), (936, 948), (952, 845), (703, 599), (170, 321), (76, 32), (29, 935), (437, 810), (689, 596), (806, 852), (433, 472), (971, 341), (20, 34), (400, 467), (317, 207), (530, 425), (363, 326), (978, 10), (352, 505), (6, 7), (251, 155), (443, 654), (253, 318), (305, 352), (967, 88), (815, 854), (379, 401), (941, 926), (315, 534), (922, 427), (219, 462), (321, 343), (948, 773), (992, 952), (181, 83), (394, 169), (654, 566), (662, 659), (415, 683), (127, 157), (225, 201), (539, 997), (475, 258), (883, 305), (58, 3), (634, 764), (288, 476), (347, 161), (642, 233), (957, 115), (881, 71), (377, 437), (231, 294), (808, 936), (364, 473), (566, 805), (245, 225), (707, 56), (460, 575), (799, 786), (720, 340), (665, 741), (710, 625), (3, 954), (745, 777), (48, 204), (853, 766), (767, 667), (639, 742), (144, 5), (260, 1), (504, 746), (672, 844), (729, 797), (423, 414), (839, 809), (306, 338), (896, 901), (429, 662), (46, 780), (651, 145), (248, 45), (937, 356), (21, 906), (84, 434), (761, 552), (360, 266), (432, 962), (696, 767), (508, 488), (669, 712), (915, 863), (137, 128), (26, 686), (458, 395), (175, 546), (422, 593), (814, 804), (274, 75), (575, 751), (367, 193), (746, 277), (712, 540), (932, 731), (537, 79), (392, 602), (515, 398), (222, 300), (533, 180), (38, 440), (154, 922), (72, 0), (332, 457), (865, 814), (243, 162), (43, 853), (543, 226), (822, 694), (633, 514), (562, 536), (765, 875), (232, 206), (536, 583), (91, 182), (557, 50), (585, 392), (780, 747), (361, 418), (830, 532), (880, 280), (856, 623), (212, 512), (141, 44), (595, 588), (140, 270), (205, 408), (877, 725), (857, 218), (65, 76), (134, 931), (393, 973), (897, 851), (694, 597), (860, 25), (296, 119), (944, 167), (659, 549), (578, 619), (913, 695), (138, 859), (653, 466), (800, 761), (698, 685), (861, 651), (855, 528), (270, 106), (262, 183), (993, 416), (807, 881), (847, 884), (32, 254), (465, 176), (660, 663)]
u =  [0, 0, 0, 0, 0, 0, 0, 0, 0, 0, 0, 0, 0, 0, 0, 0, 0, 0, 0, 0, 0, 0, 0, 0, 0, 0, 0, 0, 0, 0, 0, 0, 0, 0, 0, 0, 0, 0, 0, 0, 0, 0, 0, 0, 0, 0, 0, 0, 0, 0, 0, 0, 0, 0, 0, 0, 0, 0, 0, 0, 0, 0, 0, 0, 0, 0, 0, 0, 0, 0, 0, 0, 0, 0, 0, 0, 0, 0, 0, 0, 0, 0, 0, 0, 0, 0, 0, 0, 0, 0, 0, 0, 0, 0, 0, 0, 0, 0, 0, 0, 0, 0, 0, 0, 0, 0, 0, 0, 0, 0, 0, 0, 0, 0, 0, 0, 0, 0, 0, 0, 0, 0, 0, 0, 0, 0, 0, 0, 0, 0, 0, 0, 0, 0, 0, 0, 0, 0, 0, 0, 0, 0, 0, 0, 0, 0, 0, 0, 0, 0, 0, 0, 0, 0, 0, 0, 0, 0, 0, 0, 0, 0, 0, 0, 0, 0, 0, 0, 0, 0, 0, 0, 0, 0, 0, 0, 0, 0, 0, 0, 0, 0, 0, 0, 0, 0, 0, 0, 0, 0, 0, 0, 0, 0, 0, 0, 0, 0, 0, 0, 0, 0, 0, 0, 0, 0, 0, 0, 0, 0, 0, 0, 0, 0, 0, 0, 0, 0, 0, 0, 0, 0, 0, 0, 0, 0, 0, 0, 0, 0, 0, 0, 0, 0, 0, 0, 0, 0, 0, 0, 0, 0, 0, 0, 0, 0, 0, 0, 0, 0, 0, 0, 0, 0, 0, 0, 0, 0, 0, 0, 0, 0, 0, 0, 0, 0, 0, 0, 0, 0, 0, 0, 0, 0, 0, 0, 0, 0, 0, 0, 0, 0, 0, 0, 0, 0, 0, 0, 0, 0, 0, 0, 0, 0, 0, 0, 0, 0, 0, 0, 0, 0, 0, 0, 0, 0, 0, 0, 0, 0, 0, 0, 0, 0, 0, 0, 0, 0, 0, 0, 0, 0, 0, 0, 0, 0, 0, 0, 0, 0, 0, 0, 0, 0, 0, 0, 0, 0, 0, 0, 0, 0, 0, 0, 0, 0, 0, 0, 0, 0, 0, 0, 0, 0, 0, 0, 0, 0, 0, 0, 0, 0, 0, 0, 0, 0, 0, 0, 0, 0, 0, 0, 0, 0, 0, 0, 0, 0, 0, 0, 0, 0, 0, 0, 0, 0, 0, 0, 0, 0, 0, 0, 0, 0, 0, 0, 0, 0, 0, 0, 0, 0, 0, 0, 0, 0, 0, 0, 0, 0, 0, 0, 0, 0, 0, 0, 0, 0, 0, 0, 0, 0, 0, 0, 0, 0, 0, 0, 0, 0, 0, 0, 0, 0, 0, 0, 0, 0, 0, 0, 0, 0, 0, 0, 0, 0, 0, 0, 0, 0, 0, 0, 0, 0, 0, 0, 0, 0, 0, 0, 0, 0, 0, 0, 0, 0, 0, 0, 0, 0, 0, 0, 0, 0, 0, 0, 0, 0, 0, 0, 0, 0, 0, 0, 0, 0, 0, 0, 0, 0, 0, 0, 0, 0, 0, 0, 0, 0, 0, 0, 0, 0, 0, 0, 0, 0, 0, 0, 0, 0, 0, 0, 0, 0, 0, 0, 0, 0, 0, 0, 0, 0, 0, 0, 0, 0, 0, 0, 0, 0, 0, 0, 0, 0, 0, 0, 0, 0, 0, 0, 0, 0, 0, 0, 0, 0, 0, 0, 0, 0, 0, 0, 0, 0, 0, 0, 0, 0, 0, 0, 0, 0, 0, 0, 0, 0, 0, 0, 0, 0, 0, 0, 0, 0, 0, 0, 0, 0, 0, 0, 0, 0, 0, 0, 0, 0, 0, 0, 0, 0, 0, 0, 0, 0, 0, 0, 0, 0, 0, 0, 0, 0, 0, 0, 0, 0, 0, 0, 0, 0, 0, 0, 0, 0, 0, 0, 0, 0, 0, 0, 0, 0, 0, 0, 0, 0, 0, 0, 0, 0, 0, 0, 0, 0, 0, 0, 0, 0, 0, 0, 0, 0, 0, 0, 0, 0, 0, 0, 0, 0, 0, 0, 0, 0, 0, 0, 0, 0, 0, 0, 0, 0, 0, 0, 0, 0, 0, 0, 0, 0, 0, 0, 0, 0, 0, 0, 0, 0, 0, 0, 0, 0, 0, 0, 0, 0, 0, 0, 0, 0, 0, 0, 0, 0, 0, 0, 0, 0, 0, 0, 0, 0, 0, 0, 0, 0, 0, 0, 0, 0, 0, 0, 0, 0, 0, 0, 0, 0, 0, 0, 0, 0, 0, 0, 0, 0, 0, 0, 0, 0, 0, 0, 0, 0, 0, 0, 0, 0, 0, 0, 0, 0, 0, 0, 0, 0, 0, 0, 0, 0, 0, 0, 0, 0, 0, 0, 0, 0, 0, 0, 0, 0, 0, 0, 0, 0, 0, 0, 0, 0, 0, 0, 0, 0, 0, 0, 0, 0, 0, 0, 0, 0, 0, 0, 0, 0, 0, 0, 0, 0, 0, 0, 0, 0, 0, 0, 0, 0, 0, 0, 0, 0, 0, 0, 0, 0, 0, 0, 0, 0, 0, 0, 0, 0, 0, 0, 0, 0, 0, 0, 0, 0, 0, 0, 0, 0, 0, 0, 0, 0, 0, 0, 0, 0, 0, 0, 0, 0, 0, 0, 0, 0, 0, 0, 0, 0, 0, 0, 0, 0, 0, 0, 0, 0, 0, 0, 0, 0, 0, 0, 0, 0, 0, 0, 0, 0, 0, 0, 0, 0, 0, 0, 0, 0, 0, 0, 0, 0, 0, 0, 0, 0, 0, 0, 0, 0, 0, 0, 0, 0, 0, 0, 0, 0, 0, 0, 0, 0, 0, 0, 0, 0, 0, 0, 0, 0, 0, 0, 0, 0, 0, 0, 0, 0, 0, 0, 0, 0, 0, 0, 0, 0, 0, 0, 0, 0, 0, 0, 0, 0, 0, 0, 0, 0, 0, 0, 0, 0, 0, 0, 0, 0, 0, 0, 0, 0, 0, 0, 0, 0, 0, 0, 0, 0, 0, 0, 0, 0, 0, 0, 0, 0, 0, 0, 0, 0, 0, 0, 0, 0, 0, 0, 0, 0, 0, 0, 0, 0, 0, 0, 0, 0, 0, 0, 0, 0, 0, 0, 0, 0, 0, 0, 0, 0, 0, 0, 0, 0, 0, 0]
v =  [0, 0, 0, 0, 0, 0, 0, 0, 0, 0, 0, 0, 0, 0, 0, 0, 0, 0, 0, 0, 0, 0, 0, 0, 0, 0, 0, 0, 0, 0, 0, 0, 0, 0, 0, 0, 0, 0, 0, 0, 0, 0, 0, 0, 0, 0, 0, 0, 0, 0, 0, 0, 0, 0, 0, 0, 0, 0, 0, 0, 0, 0, 0, 0, 0, 0, 0, 0, 0, 0, 0, 0, 0, 0, 0, 0, 0, 0, 0, 0, 0, 0, 0, 0, 0, 0, 0, 0, 0, 0, 0, 0, 0, 0, 0, 0, 0, 0, 0, 0, 0, 0, 0, 0, 0, 0, 0, 0, 0, 0, 0, 0, 0, 0, 0, 0, 0, 0, 0, 0, 0, 0, 0, 0, 0, 0, 0, 0, 0, 0, 0, 0, 0, 0, 0, 0, 0, 0, 0, 0, 0, 0, 0, 0, 0, 0, 0, 0, 0, 0, 0, 0, 0, 0, 0, 0, 0, 0, 0, 0, 0, 0, 0, 0, 0, 0, 0, 0, 0, 0, 0, 0, 0, 0, 0, 0, 0, 0, 0, 0, 0, 0, 0, 0, 0, 0, 0, 0, 0, 0, 0, 0, 0, 0, 0, 0, 0, 0, 0, 0, 0, 0, 0, 0, 0, 0, 0, 0, 0, 0, 0, 0, 0, 0, 0, 0, 0, 0, 0, 0, 0, 0, 0, 0, 0, 0, 0, 0, 0, 0, 0, 0, 0, 0, 0, 0, 0, 0, 0, 0, 0, 0, 0, 0, 0, 0, 0, 0, 0, 0, 0, 0, 0, 0, 0, 0, 0, 0, 0, 0, 0, 0, 0, 0, 0, 0, 0, 0, 0, 0, 0, 0, 0, 0, 0, 0, 0, 0, 0, 0, 0, 0, 0, 0, 0, 0, 0, 0, 0, 0, 0, 0, 0, 0, 0, 0, 0, 0, 0, 0, 0, 0, 0, 0, 0, 0, 0, 0, 0, 0, 0, 0, 0, 0, 0, 0, 0, 0, 0, 0, 0, 0, 0, 0, 0, 0, 0, 0, 0, 0, 0, 0, 0, 0, 0, 0, 0, 0, 0, 0, 0, 0, 0, 0, 0, 0, 0, 0, 0, 0, 0, 0, 0, 0, 0, 0, 0, 0, 0, 0, 0, 0, 0, 0, 0, 0, 0, 0, 0, 0, 0, 0, 0, 0, 0, 0, 0, 0, 0, 0, 0, 0, 0, 0, 0, 0, 0, 0, 0, 0, 0, 0, 0, 0, 0, 0, 0, 0, 0, 0, 0, 0, 0, 0, 0, 0, 0, 0, 0, 0, 0, 0, 0, 0, 0, 0, 0, 0, 0, 0, 0, 0, 0, 0, 0, 0, 0, 0, 0, 0, 0, 0, 0, 0, 0, 0, 0, 0, 0, 0, 0, 0, 0, 0, 0, 0, 0, 0, 0, 0, 0, 0, 0, 0, 0, 0, 0, 0, 0, 0, 0, 0, 0, 0, 0, 0, 0, 0, 0, 0, 0, 0, 0, 0, 0, 0, 0, 0, 0, 0, 0, 0, 0, 0, 0, 0, 0, 0, 0, 0, 0, 0, 0, 0, 0, 0, 0, 0, 0, 0, 0, 0, 0, 0, 0, 0, 0, 0, 0, 0, 0, 0, 0, 0, 0, 0, 0, 0, 0, 0, 0, 0, 0, 0, 0, 0, 0, 0, 0, 0, 0, 0, 0, 0, 0, 0, 0, 0, 0, 0, 0, 0, 0, 0, 0, 0, 0, 0, 0, 0, 0, 0, 0, 0, 0, 0, 0, 0, 0, 0, 0, 0, 0, 0, 0, 0, 0, 0, 0, 0, 0, 0, 0, 0, 0, 0, 0, 0, 0, 0, 0, 0, 0, 0, 0, 0, 0, 0, 0, 0, 0, 0, 0, 0, 0, 0, 0, 0, 0, 0, 0, 0, 0, 0, 0, 0, 0, 0, 0, 0, 0, 0, 0, 0, 0, 0, 0, 0, 0, 0, 0, 0, 0, 0, 0, 0, 0, 0, 0, 0, 0, 0, 0, 0, 0, 0, 0, 0, 0, 0, 0, 0, 0, 0, 0, 0, 0, 0, 0, 0, 0, 0, 0, 0, 0, 0, 0, 0, 0, 0, 0, 0, 0, 0, 0, 0, 0, 0, 0, 0, 0, 0, 0, 0, 0, 0, 0, 0, 0, 0, 0, 0, 0, 0, 0, 0, 0, 0, 0, 0, 0, 0, 0, 0, 0, 0, 0, 0, 0, 0, 0, 0, 0, 0, 0, 0, 0, 0, 0, 0, 0, 0, 0, 0, 0, 0, 0, 0, 0, 0, 0, 0, 0, 0, 0, 0, 0, 0, 0, 0, 0, 0, 0, 0, 0, 0, 0, 0, 0, 0, 0, 0, 0, 0, 0, 0, 0, 0, 0, 0, 0, 0, 0, 0, 0, 0, 0, 0, 0, 0, 0, 0, 0, 0, 0, 0, 0, 0, 0, 0, 0, 0, 0, 0, 0, 0, 0, 0, 0, 0, 0, 0, 0, 0, 0, 0, 0, 0, 0, 0, 0, 0, 0, 0, 0, 0, 0, 0, 0, 0, 0, 0, 0, 0, 0, 0, 0, 0, 0, 0, 0, 0, 0, 0, 0, 0, 0, 0, 0, 0, 0, 0, 0, 0, 0, 0, 0, 0, 0, 0, 0, 0, 0, 0, 0, 0, 0, 0, 0, 0, 0, 0, 0, 0, 0, 0, 0, 0, 0, 0, 0, 0, 0, 0, 0, 0, 0, 0, 0, 0, 0, 0, 0, 0, 0, 0, 0, 0, 0, 0, 0, 0, 0, 0, 0, 0, 0, 0, 0, 0, 0, 0, 0, 0, 0, 0, 0, 0, 0, 0, 0, 0, 0, 0, 0, 0, 0, 0, 0, 0, 0, 0, 0, 0, 0, 0, 0, 0, 0, 0, 0, 0, 0, 0, 0, 0, 0, 0, 0, 0, 0, 0, 0, 0, 0, 0, 0, 0, 0, 0, 0, 0, 0, 0, 0, 0, 0, 0, 0, 0, 0, 0, 0, 0, 0, 0, 0, 0, 0, 0, 0, 0, 0, 0, 0, 0, 0, 0, 0, 0, 0, 0, 0, 0, 0, 0, 0, 0, 0, 0, 0, 0, 0, 0, 0, 0, 0, 0, 0, 0, 0, 0, 0, 0, 0, 0, 0, 0, 0, 0, 0, 0, 0, 0, 0, 0, 0, 0, 0, 0]


